168 481
348 481
460 481
119 545
134 317
155 428
321 499
164 545
8 481
24 481
5 290
6 337
14 94
22 149
23 371
31 33
52 350
54 329
55 475
56 405
94 26
95 547
149 313
216 143
229 452
299 49
1 317
21 94
71 33
77 329
97 371
100 547
125 428
182 290
198 26
203 475
232 405
233 452
240 149
379 337
405 499
410 350
428 49
45 317
101 371
108 329
112 33
113 547
114 545
126 94
141 428
205 290
242 26
243 405
314 475
329 452
381 337
416 149
46 317
117 329
118 371
128 547
138 33
176 428
218 94
235 290
257 545
296 405
298 26
336 452
368 475
413 337
135 317
143 371
144 33
228 94
230 547
305 545
331 26
364 452
451 475
458 337
2 451
10 160
11 212
18 136
20 530
38 67
58 421
69 331
81 385
89 239
98 3
105 400
129 51
167 359
206 38
212 103
232 75
237 314
238 304
264 55
269 242
302 29
303 238
323 87
349 164
392 360
402 263
412 430
478 456
32 530
36 136
51 143
70 451
103 313
136 67
157 160
160 331
172 421
178 400
192 385
223 103
277 51
281 55
356 164
366 304
415 359
440 430
448 314
462 242
477 263
496 239
13 49
37 530
43 499
63 143
65 350
76 136
130 451
156 313
196 421
220 67
241 103
254 400
260 331
261 385
286 160
307 51
367 164
384 304
459 55
481 430
41 49
68 143
75 530
137 136
145 149
170 313
173 451
177 350
210 421
226 499
268 331
271 400
285 67
287 160
301 103
328 385
409 304
489 51
15 405
40 428
61 329
74 290
84 530
111 49
193 350
211 143
219 136
262 313
280 451
288 67
290 160
297 421
306 499
312 103
330 331
351 385
389 149
431 400
9 283
11 321
12 112
17 197
28 147
29 289
33 417
39 271
44 356
49 64
50 4
50 273
59 99
60 402
64 32
66 494
72 9
73 166
82 346
83 220
90 47
91 184
92 58
93 119
99 39
109 244
109 302
110 420
111 225
114 167
120 395
133 25
139 353
142 424
146 377
151 467
158 485
162 154
165 544
166 151
174 182
185 170
186 320
187 165
204 60
214 479
227 179
241 43
250 44
272 19
273 294
289 74
292 525
316 31
322 404
334 391
335 213
350 56
352 13
352 296
360 443
361 267
376 373
383 270
397 180
411 513
421 459
422 159
433 412
439 241
445 243
469 116
472 200
473 305
34 75
52 197
54 283
57 112
67 238
87 212
94 32
96 321
107 289
116 29
121 39
134 417
140 346
162 4
166 64
170 420
177 271
184 395
190 402
196 166
202 494
209 25
222 58
231 273
245 360
249 467
254 9
267 43
274 485
275 119
291 151
300 184
313 170
318 294
326 47
339 182
341 544
345 356
358 225
371 154
392 302
393 377
401 456
409 443
411 44
417 404
423 270
424 167
430 87
432 353
438 424
449 147
454 213
474 3
482 479
491 179
7 239
28 242
64 197
98 75
106 283
124 212
127 263
148 32
175 346
188 29
194 112
197 64
217 359
243 58
246 39
251 25
252 238
263 395
278 402
283 360
284 271
294 417
295 119
299 494
309 289
315 420
325 321
327 273
331 314
360 485
387 184
427 44
431 170
441 4
446 270
449 467
450 87
453 151
455 47
461 294
470 213
474 356
475 404
494 424
27 164
43 239
104 75
169 242
187 32
213 112
221 55
223 197
256 359
277 64
280 212
308 346
309 58
324 238
333 39
340 29
347 283
355 119
361 273
363 402
372 430
373 321
375 395
402 420
405 25
408 494
434 289
442 360
466 184
468 44
480 485
136 75
195 242
208 164
235 239
246 112
282 64
311 359
337 58
353 283
370 212
386 55
388 430
394 346
419 119
420 238
436 420
443 321
444 494
471 197
483 402
490 360
4 191
5 10
10 293
12 312
13 380
16 27
16 40
17 50
18 361
19 20
20 134
25 8
25 71
26 490
34 461
35 22
36 352
38 14
40 542
41 7
42 326
47 110
53 155
55 372
58 218
64 131
68 139
71 81
73 288
78 24
80 72
83 275
85 533
110 307
118 330
120 280
122 407
123 76
124 57
124 332
129 549
140 491
141 425
146 309
147 113
150 310
154 15
154 322
156 246
169 45
172 303
178 534
189 327
193 227
199 88
205 458
219 507
222 345
227 183
233 245
234 524
236 137
238 543
239 351
242 358
244 261
247 465
248 102
253 333
259 255
263 132
269 231
274 502
276 114
276 347
284 118
287 483
317 223
332 399
336 315
344 355
345 79
346 185
349 336
354 63
357 486
359 236
364 539
382 23
389 464
391 224
403 121
414 471
435 492
456 335
479 34
484 511
495 342
1 220
3 38
24 267
30 60
41 74
44 22
49 312
50 244
56 19
61 155
62 490
67 459
74 71
77 134
77 165
85 461
90 288
99 131
115 372
121 13
127 139
133 24
145 533
149 14
150 330
153 549
157 20
161 491
165 293
171 275
181 280
183 534
191 307
193 320
194 110
199 412
209 513
215 303
231 116
266 322
279 200
290 31
295 333
303 542
310 10
315 88
328 8
338 72
338 255
339 327
341 352
342 380
344 118
346 261
350 159
361 56
365 241
375 132
378 15
380 63
382 458
391 296
396 391
400 185
406 180
417 183
429 524
445 358
448 399
450 361
454 336
467 227
476 114
487 45
489 99
492 310
493 79
1 154
4 166
27 43
46 220
53 182
69 22
72 167
76 19
86 165
88 267
111 38
135 459
160 490
163 13
173 24
183 244
189 443
197 377
203 71
204 412
210 456
212 513
224 549
225 353
227 330
229 533
250 225
253 155
255 461
259 14
269 9
283 131
296 74
302 280
317 20
318 110
320 10
334 320
354 134
355 303
358 322
369 288
370 60
372 372
377 88
380 139
389 116
390 8
397 200
398 275
400 132
407 491
410 31
424 380
426 185
429 56
434 261
436 302
437 307
452 72
453 293
459 296
466 361
485 458
486 241
9 417
60 182
70 220
86 294
91 43
96 271
101 87
106 267
114 38
117 263
158 166
161 22
164 270
180 490
185 24
185 165
206 4
228 353
231 244
237 213
262 225
265 154
270 14
288 459
293 443
297 167
319 47
322 330
323 110
335 314
343 155
352 170
356 549
372 134
373 20
374 461
384 10
385 372
388 131
394 288
401 139
404 320
426 491
430 412
447 280
457 132
471 322
479 424
481 356
488 307
496 377
496 533
3 273
14 184
47 25
61 304
67 417
78 485
82 182
123 38
125 220
132 87
133 267
150 294
159 43
174 271
198 490
200 22
205 395
233 244
257 44
264 32
267 213
271 263
273 154
274 353
285 14
307 167
310 24
311 165
326 166
337 39
339 443
379 20
382 225
390 461
395 549
399 4
403 459
410 270
412 10
422 372
427 491
464 280
469 330
473 170
487 47
493 29
2 129
4 370
13 325
14 541
15 413
21 17
24 248
26 265
28 120
36 199
37 254
39 6
47 514
48 11
48 117
52 523
58 319
59 274
65 487
66 375
72 298
73 70
75 448
82 138
84 324
87 35
89 28
90 16
92 374
95 204
100 66
100 178
105 495
108 519
112 279
119 168
119 177
128 108
131 384
139 376
140 362
141 196
142 455
143 41
145 61
146 262
152 207
158 222
176 457
190 84
191 468
201 520
213 269
219 190
224 462
234 540
244 535
248 381
250 450
272 89
286 206
305 90
327 195
366 226
378 482
383 368
387 418
393 403
395 93
398 237
421 259
428 115
440 431
443 440
461 18
461 65
462 216
473 419
17 27
18 413
19 40
21 236
22 370
22 425
25 224
29 464
31 243
43 231
51 315
57 7
69 265
75 502
81 319
83 57
102 23
103 178
104 113
106 374
118 102
122 66
128 6
132 117
137 345
147 35
148 108
148 514
161 335
162 34
166 70
167 191
171 223
180 121
180 199
181 168
188 355
196 279
197 539
200 487
209 326
211 332
215 245
220 305
226 274
239 455
243 129
254 375
281 262
289 407
294 204
297 362
301 448
302 468
306 16
311 309
316 138
321 520
322 507
326 61
328 543
333 462
338 41
342 206
346 17
347 373
353 81
354 519
359 298
368 84
369 483
376 457
379 486
381 325
384 28
388 540
406 342
407 190
408 222
417 177
418 351
420 465
425 535
431 218
460 248
475 76
477 376
492 254
8 15
12 534
32 40
34 63
39 3
49 45
51 370
68 336
78 227
79 79
86 319
91 183
98 231
102 159
102 524
107 178
109 7
110 542
121 327
130 399
138 255
149 358
151 23
151 514
156 425
163 236
173 391
186 312
201 35
216 315
230 108
232 335
235 355
246 99
249 332
251 34
255 117
258 168
259 245
267 455
282 199
298 333
304 6
306 487
312 464
332 310
344 70
357 121
360 61
365 138
377 352
396 413
402 265
413 448
416 544
420 374
425 66
425 298
439 457
442 502
448 279
450 17
452 180
455 507
456 16
464 84
478 41
480 190
481 483
488 407
493 262
5 293
11 404
19 200
37 63
40 116
42 513
45 261
76 467
88 79
89 227
92 15
97 71
104 231
122 319
134 370
136 458
153 255
154 336
168 23
170 358
177 327
184 74
206 178
218 3
240 159
241 380
247 7
249 534
252 542
253 302
256 8
263 275
272 524
279 315
281 455
284 183
291 40
301 9
314 185
316 487
317 108
329 19
329 456
343 333
345 168
348 35
349 34
362 296
367 245
383 99
386 332
390 352
398 199
401 60
415 399
418 117
419 6
423 361
427 298
432 70
446 355
475 13
477 312
483 425
486 17
2 424
16 134
26 288
53 131
63 63
88 116
97 467
131 200
138 79
144 319
159 322
165 533
168 132
175 231
192 358
221 178
229 3
258 261
270 227
286 23
287 380
288 255
300 7
300 370
303 458
304 524
313 15
319 315
325 110
331 139
334 183
350 487
351 71
353 455
359 534
364 327
374 168
380 293
403 34
405 412
421 199
430 159
432 302
438 456
441 185
442 356
447 355
458 60
463 542
465 19
468 245
469 108
476 307
482 40
485 117
485 513
491 35
495 298
7 256
8 516
9 181
10 251
15 194
23 344
27 135
30 100
33 441
38 378
42 257
45 106
46 379
62 453
63 146
65 301
71 158
84 529
99 498
108 36
112 201
125 526
130 472
144 339
153 77
160 235
172 382
182 258
203 281
320 521
362 414
433 423
434 484
451 409
466 438
494 489
3 115
20 65
29 89
31 324
33 251
44 347
54 194
56 419
57 541
62 256
66 257
70 237
74 418
79 431
80 441
81 368
93 106
93 378
94 344
95 471
105 196
107 379
113 453
113 495
116 516
117 529
139 269
176 93
183 381
189 120
194 450
213 36
237 235
239 18
261 146
262 472
321 181
324 201
330 523
381 77
419 137
424 207
428 339
453 403
455 440
470 226
35 251
60 541
80 81
87 254
103 28
115 89
115 177
116 222
126 194
126 347
127 441
129 76
131 256
132 418
137 543
142 378
143 325
147 65
152 520
155 379
155 431
157 237
164 106
167 118
169 257
171 274
174 196
175 324
178 115
179 368
179 453
179 471
184 381
187 495
188 204
190 516
195 468
198 344
199 345
201 540
215 375
228 309
255 36
257 419
270 113
290 519
296 269
313 351
318 179
323 450
333 191
340 465
365 218
385 235
391 362
404 18
446 472
474 529
6 335
6 448
23 45
55 16
85 190
96 457
120 251
159 84
186 441
200 177
202 89
202 237
204 543
207 28
207 65
207 381
210 194
214 344
214 347
216 541
217 483
218 118
220 378
221 222
222 81
223 121
225 431
226 262
234 265
236 374
238 274
240 72
242 407
244 254
247 257
248 279
252 324
256 379
260 471
261 516
264 325
266 256
266 540
275 464
276 368
280 468
289 502
294 453
295 495
298 507
307 514
308 76
309 115
363 236
369 418
371 345
394 520
395 36
418 66
426 375
429 113
459 419
460 179
464 191
472 18
478 519
495 218
79 16
123 13
135 9
181 251
182 8
191 333
195 448
208 74
208 99
211 275
217 190
225 6
230 457
251 541
258 320
260 45
265 381
268 89
271 81
273 17
275 332
278 70
278 347
279 404
282 65
283 84
291 296
292 335
308 28
315 194
319 155
320 118
324 431
325 471
330 441
332 222
335 262
337 177
340 325
341 368
342 483
348 257
363 312
367 121
371 468
375 237
387 514
392 274
393 265
396 72
397 254
404 279
409 336
411 516
412 540
414 344
416 256
422 374
423 418
433 407
435 324
438 378
439 379
441 520
444 399
449 453
451 425
462 502
463 507
479 464
482 76
486 495
487 115
7 62
30 175
32 230
35 299
48 300
59 318
101 447
152 460
163 496
192 501
212 503
224 528
236 531
245 550
245 11
265 50
268 62
277 90
285 100
292 135
293 158
293 175
299 195
304 216
305 230
310 246
312 258
314 259
327 281
336 299
343 300
347 301
351 318
355 382
356 384
357 409
358 414
362 423
366 438
368 447
370 460
373 482
374 484
376 489
377 492
378 496
385 498
386 501
399 503
399 511
400 521
406 525
407 526
408 528
413 531
414 550
415 11
435 27
436 50
437 57
437 62
440 77
443 90
444 93
445 100
447 102
452 114
454 120
456 129
457 135
457 137
458 146
463 147
465 158
465 175
467 181
467 195
468 201
470 206
471 207
472 216
476 223
480 224
483 226
484 230
484 243
488 246
489 248
490 258
490 259
491 281
492 299
494 300
