1 47
1 242
1 308
2 25
2 47
2 82
3 26
3 49
3 239
4 33
4 51
4 83
5 95
5 289
5 292
6 38
6 54
6 165
7 25
7 58
7 68
8 1
8 14
8 43
9 39
9 304
9 331
10 58
10 136
10 290
11 39
11 242
11 308
12 30
12 55
12 290
13 75
13 252
13 329
14 26
14 107
14 164
15 68
15 79
15 350
16 71
16 171
16 329
17 22
17 64
17 252
18 6
18 43
18 267
19 1
19 78
19 273
20 24
20 73
20 317
21 33
21 44
21 47
22 39
22 172
22 304
23 30
23 71
23 75
24 16
24 24
24 143
25 24
25 73
25 172
26 54
26 136
26 165
27 55
27 73
27 245
28 64
28 136
28 166
29 2
29 19
29 61
30 13
30 171
30 243
31 68
31 267
31 350
32 4
32 39
32 308
33 75
33 164
33 266
34 58
34 271
34 329
35 49
35 164
35 266
36 42
36 111
36 329
37 7
37 174
37 317
38 107
38 164
38 266
39 22
39 107
39 252
40 30
40 73
40 143
41 22
41 107
41 266
42 160
42 200
42 321
43 29
43 31
43 56
44 24
44 143
44 317
45 64
45 136
45 290
46 94
46 317
46 331
47 49
47 58
47 164
48 31
48 52
48 56
49 15
49 40
49 49
50 30
50 55
50 143
51 9
51 165
51 268
52 22
52 64
52 252
53 112
53 233
53 297
54 26
54 69
54 144
55 94
55 172
55 331
56 94
56 172
56 331
57 94
57 276
57 304
58 31
58 52
58 56
59 38
59 51
59 242
60 64
60 78
60 329
61 121
61 136
61 173
62 13
62 14
62 78
63 4
63 26
63 33
64 30
64 39
64 55
65 7
65 14
65 15
66 14
66 23
66 68
67 24
67 183
67 290
68 6
68 25
68 170
69 1
69 33
69 134
70 3
70 65
70 118
71 29
71 67
71 73
72 149
72 189
72 213
73 67
73 119
73 283
74 32
74 143
74 321
75 56
75 225
75 234
76 4
76 87
76 240
77 12
77 133
77 189
78 78
78 132
78 334
79 94
79 172
79 331
80 145
80 189
80 308
81 19
81 38
81 330
82 20
82 29
82 67
83 46
83 95
83 189
84 33
84 46
84 149
85 46
85 145
85 189
86 44
86 209
86 313
87 1
87 55
87 238
88 170
88 182
88 297
89 20
89 29
89 31
90 22
90 107
90 252
91 12
91 38
91 336
92 49
92 96
92 266
93 20
93 67
93 68
94 9
94 32
94 334
95 69
95 160
95 239
96 200
96 220
96 272
97 3
97 5
97 23
98 1
98 132
98 350
99 58
99 75
99 211
100 26
100 67
100 317
