184 266
55 30
74 329
113 94
126 172
235 317
260 331
402 189
403 33
261 94
386 172
411 189
494 317
7 242
28 149
67 308
69 290
92 1
137 64
198 107
202 143
216 24
254 165
257 26
416 209
455 32
474 3
490 75
75 266
165 308
180 329
200 107
249 30
290 26
480 1
166 266
208 107
244 329
264 94
295 30
389 189
434 266
15 25
29 95
30 54
83 171
91 267
139 19
156 13
161 68
209 160
212 29
255 22
256 297
269 38
313 170
320 134
329 37
347 67
351 321
358 225
364 12
375 55
420 238
420 350
460 69
472 200
61 290
85 64
310 24
48 1
100 317
198 172
219 64
118 30
129 94
193 329
194 317
282 64
436 266
15 82
28 139
40 87
48 260
69 10
75 4
79 79
92 42
103 39
113 49
134 304
156 288
161 166
161 220
180 105
184 51
209 99
219 173
244 162
245 31
254 338
264 40
266 20
269 197
282 186
284 121
287 14
313 5
313 293
320 272
322 65
324 73
375 244
389 116
433 56
435 83
435 346
444 313
490 98
40 25
123 143
129 165
194 267
216 68
287 3
358 49
362 4
399 20
411 304
431 170
460 160
472 272
24 26
304 68
402 49
455 165
24 131
48 23
55 2
61 219
61 227
69 58
74 52
74 294
79 43
91 6
91 324
92 15
103 96
113 44
118 7
137 340
139 255
156 27
165 154
166 11
184 163
200 71
208 217
212 34
235 16
235 113
245 159
248 63
248 136
254 167
256 8
257 28
261 316
266 18
284 111
290 203
303 72
322 53
322 144
324 70
329 102
351 41
351 177
362 126
364 46
389 97
392 60
392 184
403 66
416 110
420 125
431 185
431 191
433 84
434 81
436 183
455 9
474 88
103 52
244 346
255 134
266 220
269 166
284 33
295 96
303 14
304 22
358 13
416 32
433 154
434 209
435 38
474 255
480 23
248 346
7 21
7 35
15 17
24 45
28 50
29 36
29 47
30 48
30 57
40 59
55 61
67 62
67 76
75 77
79 74
83 78
83 80
85 86
85 89
100 90
100 91
118 92
123 85
123 93
126 100
126 103
129 104
134 106
134 108
137 109
139 114
165 115
166 101
180 117
193 112
193 118
194 119
198 120
200 122
202 123
202 124
208 127
209 128
212 129
216 130
219 132
245 133
249 135
249 137
255 138
256 140
257 146
260 141
260 145
261 147
264 148
282 142
287 150
290 152
295 153
303 155
304 151
310 156
310 157
320 158
324 161
329 168
347 164
347 169
362 175
364 174
375 176
386 178
386 180
392 187
399 179
399 181
402 182
403 188
411 193
436 192
444 194
444 196
460 198
472 201
480 202
490 204
494 205
494 206
