184 266
55 30
74 329
113 94
126 172
235 317
260 331
402 189
403 33
261 94
386 172
411 189
494 317
7 242
28 83
67 308
69 290
92 1
137 64
166 107
202 143
216 24
254 165
257 26
416 209
455 32
474 3
490 75
75 266
165 308
180 329
198 107
249 30
290 26
480 1
200 107
208 266
244 329
264 94
295 30
389 189
434 266
15 25
29 95
30 54
83 171
91 267
139 19
156 13
161 68
209 160
212 29
255 22
256 297
269 38
313 170
320 134
329 37
347 67
351 321
358 225
364 12
375 55
420 238
420 350
460 69
472 200
61 290
85 64
100 24
433 29
48 1
194 317
198 172
219 64
310 24
118 30
129 94
193 329
282 64
436 266
15 82
40 87
48 260
69 10
75 4
79 79
92 42
103 39
113 49
134 245
156 288
161 166
161 220
180 105
184 51
209 99
219 173
244 162
245 31
254 338
264 40
266 20
269 197
282 186
284 121
287 14
313 5
313 293
320 272
322 65
324 73
375 244
389 116
392 330
411 304
431 182
435 118
444 313
490 98
28 171
40 25
123 143
129 165
194 220
216 68
287 3
358 49
362 4
399 20
431 170
435 38
460 160
472 272
24 26
304 68
402 49
455 165
474 220
24 131
48 23
55 2
61 219
61 227
69 58
74 52
74 294
79 43
91 6
91 324
92 15
103 96
113 44
118 7
137 340
139 255
156 27
165 154
166 9
184 163
200 71
208 217
212 34
235 16
235 113
244 346
245 159
248 63
248 136
254 167
256 8
257 28
261 284
266 18
284 111
290 203
303 72
322 53
322 144
324 70
329 102
351 41
351 177
362 126
364 46
389 97
403 60
416 110
420 125
434 59
436 149
455 132
103 52
248 346
255 134
266 267
269 166
284 33
295 14
303 96
304 22
358 13
416 32
433 154
434 209
480 23
435 346
7 11
7 21
15 17
24 35
28 45
29 36
29 47
30 48
30 50
40 56
55 57
67 62
67 66
75 76
79 61
83 74
83 77
85 78
85 80
100 81
100 84
118 86
123 85
123 88
126 89
126 90
129 92
134 93
134 100
137 103
139 104
165 114
166 101
180 106
193 108
193 109
194 115
198 112
200 117
202 119
202 120
208 122
209 123
212 124
216 127
219 128
245 129
249 130
249 133
255 135
256 137
257 138
260 139
260 140
261 141
264 146
282 142
287 147
290 148
295 150
303 152
304 145
310 151
310 153
320 155
324 156
329 157
347 158
347 161
362 164
364 168
375 169
386 175
386 176
392 174
392 178
399 179
399 180
402 181
403 183
411 184
431 185
433 187
436 188
444 191
444 192
460 193
472 194
474 196
480 198
490 201
494 202
494 204
