55 547
97 371
481 30
113 547
143 371
23 385
32 411
74 329
81 394
90 545
135 313
144 33
160 317
238 475
242 26
321 388
325 308
395 442
402 189
411 452
75 411
230 385
235 317
260 394
281 475
335 33
372 313
384 30
404 329
427 452
87 411
223 371
261 385
268 394
323 317
363 547
403 33
429 329
440 475
184 411
368 547
386 385
412 394
459 317
244 411
494 317
6 456
7 242
8 47
13 420
14 82
16 46
28 479
31 95
33 417
60 321
92 1
93 68
130 428
137 64
198 164
216 24
243 185
291 9
301 343
312 31
316 56
330 422
348 145
350 159
358 499
389 432
393 377
432 283
455 32
474 3
490 75
20 442
42 189
67 242
120 417
158 1
165 308
168 26
217 428
227 46
234 545
292 456
296 82
327 68
373 321
462 95
495 432
35 442
52 30
112 189
257 26
269 242
280 1
290 428
297 545
336 452
342 308
355 46
408 68
416 313
443 321
1 329
63 30
108 442
126 371
229 189
252 475
343 545
424 33
439 1
446 242
457 428
458 452
69 30
166 442
175 329
192 371
202 385
211 394
275 547
295 475
379 189
480 1
483 545
485 428
5 470
9 451
11 430
15 25
17 197
18 136
29 289
34 182
37 58
39 372
41 74
46 436
51 350
56 4
58 330
61 400
71 81
72 44
76 473
82 360
83 171
84 22
91 43
95 87
98 99
104 366
105 233
107 178
109 12
116 29
117 200
122 282
122 461
127 294
139 19
141 2
142 215
145 263
154 533
156 13
162 96
164 424
174 395
176 15
180 271
186 111
194 513
199 103
203 71
204 60
206 38
212 180
218 34
225 170
233 183
249 534
250 270
253 467
254 268
262 356
263 98
264 276
277 292
305 72
307 27
314 97
318 125
320 134
328 162
329 213
346 85
347 307
356 142
357 278
364 133
375 132
383 335
390 322
391 305
397 369
405 102
417 334
419 269
421 51
422 546
434 249
447 280
460 506
475 234
477 542
482 83
489 387
491 448
493 443
4 64
21 24
49 136
57 451
64 197
64 420
86 400
88 350
94 473
101 430
105 99
136 58
146 200
160 75
171 294
182 470
190 422
200 22
208 182
209 377
213 159
228 233
232 47
240 215
258 282
266 372
273 171
278 534
283 360
285 34
294 164
313 170
333 87
344 533
351 436
359 183
365 213
371 395
377 271
387 467
388 97
401 178
406 29
423 134
437 283
438 38
466 388
469 145
470 424
478 542
59 451
66 82
85 64
111 417
128 197
140 350
150 200
153 136
157 430
183 420
197 95
255 22
256 233
265 75
272 58
299 422
310 24
339 282
370 182
376 395
385 400
395 470
430 87
449 467
454 171
461 271
486 372
487 47
488 473
496 533
4 26
22 313
65 451
147 64
161 68
178 136
189 350
220 82
237 200
286 233
288 430
337 422
345 46
409 470
415 197
418 22
425 400
442 58
451 24
464 75
496 467
103 33
155 451
181 64
196 136
311 350
381 452
400 233
420 422
428 26
472 200
479 82
2 205
3 118
10 444
14 450
19 8
19 40
26 79
27 255
30 137
36 110
36 231
40 221
40 351
41 314
43 225
44 536
45 113
45 524
47 468
48 260
49 42
50 407
53 191
54 295
57 325
62 17
73 6
78 66
80 63
89 28
92 333
99 93
100 173
110 515
117 469
118 228
121 315
121 375
132 298
141 5
146 535
148 265
149 101
151 446
152 207
156 288
163 391
167 254
170 21
179 510
180 274
191 199
193 35
196 124
201 349
205 312
210 92
214 492
219 367
231 439
233 41
236 511
243 190
250 340
272 7
276 104
286 427
287 147
289 155
293 437
298 208
306 151
309 218
313 380
315 184
316 358
317 264
322 65
324 472
326 353
331 397
332 399
334 393
338 310
341 299
352 296
357 477
361 418
365 455
366 434
373 474
382 57
389 163
392 425
401 354
413 463
435 140
441 429
445 525
448 122
450 250
471 512
476 544
3 43
25 8
34 461
45 25
48 255
52 96
58 162
59 330
60 249
62 295
73 234
77 231
79 79
89 366
96 74
97 2
98 42
106 98
114 468
119 228
120 280
125 276
129 13
131 125
133 63
134 315
138 4
151 444
154 15
177 6
215 221
219 173
221 205
222 142
226 274
239 31
245 56
247 546
251 132
264 40
271 263
280 298
282 35
302 9
346 524
348 72
349 269
362 19
367 3
369 17
374 111
375 71
384 184
398 367
420 455
429 218
433 51
443 358
452 208
465 85
467 225
473 375
484 83
492 101
16 178
20 134
26 294
69 249
71 145
90 96
102 159
125 215
161 231
169 444
173 183
182 280
184 74
188 29
190 42
195 15
197 461
214 63
241 221
241 255
246 542
259 205
273 263
284 173
313 43
314 8
328 315
331 99
344 6
378 79
419 276
431 170
434 35
448 330
453 436
469 85
490 98
491 111
5 171
22 182
68 473
70 533
109 417
113 96
124 249
127 282
130 420
135 321
183 231
199 294
201 280
207 461
254 255
259 42
296 87
308 205
354 43
366 315
399 29
442 145
462 15
463 542
12 68
70 400
92 470
123 24
129 430
136 321
140 58
148 420
191 417
198 182
224 231
229 533
258 294
265 280
267 255
301 96
319 205
333 75
341 249
355 467
371 43
377 282
390 461
408 197
444 313
3 236
4 257
8 150
9 108
9 181
10 251
11 157
11 370
12 53
13 61
15 192
15 363
17 114
18 223
19 80
20 516
24 16
28 311
30 507
31 332
33 284
33 398
36 519
38 195
42 237
54 518
56 194
63 382
66 177
66 441
75 226
77 342
78 217
88 106
88 520
97 453
104 129
107 401
116 347
118 77
128 357
130 379
131 196
141 502
142 464
144 128
150 514
153 126
156 193
159 415
164 539
166 431
167 403
168 471
172 423
189 529
192 206
196 36
203 445
204 543
208 156
216 484
231 489
269 408
281 91
292 48
305 246
321 523
329 216
334 100
338 198
350 550
356 460
370 466
380 188
383 478
385 235
393 243
403 526
423 440
432 527
446 476
449 158
451 258
465 109
2 260
10 333
22 44
24 190
25 434
27 446
27 510
28 427
37 448
43 469
44 251
47 16
53 60
53 340
60 7
61 65
65 270
65 463
69 312
72 118
80 398
81 284
91 437
94 356
95 92
104 163
106 441
108 150
115 443
116 217
119 370
121 257
129 236
135 278
140 268
144 516
147 113
149 5
149 177
157 363
158 28
161 296
170 108
177 110
177 335
178 499
195 80
200 32
209 81
210 104
212 124
213 53
218 155
218 185
221 450
222 322
230 157
235 66
236 237
242 311
244 264
249 472
253 265
257 288
262 507
263 199
270 513
274 254
274 502
277 519
282 307
287 192
289 334
299 514
300 310
303 349
306 332
312 194
318 407
322 353
325 357
328 543
351 453
353 151
360 61
369 380
377 106
380 325
382 48
389 399
390 36
391 379
394 103
396 122
397 196
409 393
413 91
417 93
418 292
420 425
424 418
430 429
431 191
439 464
441 12
460 347
474 351
475 181
481 431
12 546
24 162
47 455
48 25
49 434
50 16
51 534
76 2
79 260
80 132
82 142
93 40
99 97
100 298
102 333
102 446
126 312
127 17
128 398
132 251
137 13
154 284
159 38
162 4
169 340
174 370
178 524
181 163
184 217
185 437
193 65
199 257
201 118
205 295
206 367
209 125
210 44
211 427
213 510
215 469
225 101
248 448
250 60
252 463
254 9
256 441
267 150
267 270
270 443
271 81
278 92
279 274
282 225
307 278
308 516
319 190
327 296
332 335
342 456
359 234
362 228
364 356
371 363
383 28
387 80
402 155
410 424
411 34
414 104
416 32
425 66
431 3
436 432
440 5
450 236
455 268
456 288
466 53
470 325
482 375
483 113
485 269
487 388
493 71
493 468
1 134
52 444
57 455
70 16
84 276
93 8
95 85
99 159
115 25
118 534
132 74
133 79
136 546
138 132
155 162
169 434
176 221
180 251
186 2
198 63
200 284
205 370
208 163
216 446
217 260
221 38
222 170
227 97
228 183
234 524
246 510
247 257
264 298
273 6
277 13
284 35
291 40
294 99
309 333
315 17
320 65
323 118
324 372
336 312
340 395
342 398
343 448
344 271
349 125
352 217
358 340
367 111
368 437
374 150
376 367
378 463
385 441
414 443
422 173
435 274
438 4
453 295
454 330
455 9
460 516
464 427
468 44
471 47
476 178
46 22
61 134
74 444
91 455
119 16
125 542
145 276
160 534
167 85
171 434
176 159
182 8
245 162
246 25
251 260
261 163
262 74
271 79
283 251
287 132
289 546
293 284
294 370
304 221
304 510
308 524
323 257
359 13
363 340
380 2
388 15
396 40
407 315
414 63
415 333
415 446
427 42
428 395
433 6
435 38
436 448
457 463
461 65
463 17
464 170
473 29
481 87
1 62
2 176
5 230
6 281
6 300
7 287
7 306
8 318
13 373
14 323
16 409
17 383
18 447
21 500
21 501
23 482
23 528
25 531
26 548
29 21
29 27
30 41
31 57
32 62
32 77
34 100
35 102
35 109
37 114
38 126
38 128
39 129
39 133
40 137
41 140
42 147
43 156
44 158
46 176
50 180
51 188
54 193
55 195
55 198
56 206
58 207
59 216
62 246
63 223
64 226
67 235
67 243
68 250
68 258
71 281
72 230
73 289
74 299
75 287
76 300
77 305
78 306
79 314
81 318
82 323
83 342
83 343
84 354
85 369
85 373
86 382
86 383
87 391
87 401
89 387
90 397
94 403
96 408
96 409
98 415
100 439
101 423
101 440
103 445
103 447
105 460
106 466
107 471
108 474
109 476
110 477
110 478
111 482
111 484
112 479
112 489
113 492
114 500
114 501
115 506
117 511
120 512
122 515
123 518
123 520
124 523
124 525
126 526
131 527
133 528
134 529
134 535
137 536
138 531
139 539
139 544
142 548
143 550
143 7
145 12
146 19
147 21
148 27
150 31
151 41
152 36
152 48
153 51
155 56
157 61
158 57
159 62
162 72
163 77
163 83
164 91
165 93
165 100
166 102
168 103
170 106
171 108
172 109
172 110
173 114
173 122
174 124
175 126
175 128
179 129
179 133
181 137
183 140
185 147
185 151
186 156
187 157
187 158
187 164
188 176
188 177
189 180
190 181
191 184
192 185
193 188
194 191
194 192
195 193
197 194
202 195
202 196
203 198
204 199
206 206
207 207
207 208
211 213
212 218
214 216
215 223
217 226
219 230
220 235
220 237
223 243
223 246
224 250
224 254
225 258
226 264
226 265
227 281
228 283
229 287
230 289
231 292
232 299
232 300
233 305
234 306
235 307
236 310
237 311
237 314
238 318
238 322
239 323
239 332
240 334
240 342
241 343
242 347
243 349
244 351
245 353
247 354
248 357
248 358
249 360
251 366
252 369
253 373
255 377
255 379
256 380
257 382
258 387
259 391
260 383
260 393
261 397
263 399
265 401
266 403
266 407
268 408
268 409
269 415
270 418
272 423
274 425
275 429
275 431
276 439
276 440
278 445
279 447
279 450
280 453
281 460
283 464
284 466
285 471
285 472
286 474
288 476
288 477
290 478
290 479
291 482
292 484
293 489
295 492
295 499
296 500
297 501
297 502
298 506
298 507
299 511
300 512
300 513
301 514
302 515
302 519
303 518
303 520
304 523
305 526
306 525
307 527
309 528
310 529
310 531
311 535
311 536
312 539
314 543
315 544
316 548
319 550
317 3
317 5
318 7
320 12
321 19
322 21
324 27
325 28
326 32
326 34
327 31
329 36
330 41
330 48
331 51
332 53
333 56
334 57
335 60
335 61
336 62
337 66
337 71
338 72
339 77
339 80
340 81
340 83
341 91
343 92
345 93
345 95
346 98
347 100
347 101
348 102
349 104
350 103
351 106
352 108
353 109
353 110
354 113
354 114
355 122
356 124
357 126
358 128
360 129
360 133
361 137
361 140
362 142
363 147
364 151
365 155
366 156
367 157
368 158
369 164
370 176
372 177
372 180
373 181
374 184
375 185
376 188
378 190
379 191
379 192
381 193
381 195
382 194
384 196
386 198
386 199
387 206
388 207
391 208
392 213
392 215
393 216
394 223
394 225
395 218
396 226
397 234
398 228
398 230
399 235
399 236
400 237
400 246
401 243
402 250
403 254
404 258
404 263
405 264
405 265
406 268
406 269
407 270
407 278
408 281
409 283
410 287
410 288
411 289
412 292
412 296
413 299
416 300
417 305
418 306
419 307
421 308
421 310
422 311
423 314
424 318
425 322
426 323
426 325
426 332
427 335
428 334
429 342
430 343
432 347
433 349
434 351
436 353
437 354
437 356
438 357
439 358
440 360
441 363
442 366
443 369
444 375
444 379
445 377
445 380
446 373
447 382
447 383
448 387
449 388
450 391
451 393
452 397
452 399
453 401
454 403
456 407
456 408
457 409
458 415
458 418
459 423
459 424
461 425
462 429
463 431
465 432
466 436
467 439
467 440
468 445
468 447
469 450
470 453
471 456
472 460
472 464
473 466
474 468
475 469
476 471
477 472
477 474
478 476
478 477
479 478
479 479
480 482
480 484
482 489
483 492
484 499
484 500
485 501
486 502
486 506
487 507
488 511
488 512
489 513
489 514
490 515
491 518
492 519
492 520
494 523
494 526
495 525
495 527
496 528
