168 481
348 481
460 481
119 545
134 317
155 428
321 499
164 545
8 481
24 481
5 290
6 337
14 94
22 149
23 371
31 33
52 350
54 329
55 475
56 405
94 26
95 547
149 313
216 143
229 452
299 49
1 317
21 94
71 33
77 329
97 371
100 547
125 428
182 290
198 26
203 475
232 405
233 452
240 149
379 337
405 499
410 350
428 49
45 317
101 371
108 329
112 33
113 547
114 545
126 94
141 428
205 290
242 26
243 405
314 475
329 452
381 337
416 149
46 317
117 329
118 371
128 547
138 33
176 428
218 94
235 290
257 545
296 405
298 26
336 452
368 475
413 337
135 317
143 371
144 33
228 94
230 547
305 545
331 26
364 452
451 475
458 337
2 451
10 160
11 212
18 136
20 530
38 67
58 421
69 331
81 385
89 239
98 3
105 400
129 51
167 359
206 38
212 103
232 75
237 314
238 304
264 55
269 242
302 29
303 238
323 87
349 164
392 360
402 263
412 430
478 456
32 530
36 136
51 143
70 451
103 313
136 67
157 160
160 331
172 421
178 400
192 385
223 103
277 51
281 55
366 304
367 164
415 359
440 430
448 314
462 242
477 263
496 239
13 49
37 530
43 499
63 143
65 350
76 136
130 451
156 313
196 421
220 67
241 103
254 400
260 331
261 385
286 160
307 51
384 304
459 55
481 430
41 49
68 143
75 530
137 136
145 149
170 313
173 451
177 350
210 421
226 499
268 331
271 400
285 67
287 160
301 103
328 385
409 304
15 405
40 428
61 329
74 290
84 530
111 49
193 350
211 143
219 136
262 313
280 451
288 67
290 160
297 421
306 499
312 103
330 331
351 385
389 149
431 400
9 283
11 321
12 112
17 197
28 147
29 289
33 417
39 271
44 356
49 64
50 4
50 273
59 99
60 402
64 32
66 494
72 9
73 166
82 346
83 220
90 47
91 184
92 58
93 119
99 39
109 244
109 302
110 420
111 225
114 167
120 395
133 25
139 353
142 424
146 377
151 467
158 485
162 154
165 544
166 151
174 182
185 170
186 320
187 165
204 60
214 479
227 179
241 43
250 44
272 19
273 294
289 74
292 525
316 31
322 404
334 391
335 213
350 56
352 13
352 296
360 443
361 267
376 373
383 270
397 180
411 513
421 459
422 159
433 412
439 241
445 243
469 116
472 200
473 305
34 75
52 197
54 283
57 112
67 238
87 212
94 32
96 321
107 289
116 29
121 39
134 417
140 346
162 4
166 64
170 420
177 271
184 395
190 402
196 166
202 494
209 25
222 58
231 273
245 360
249 467
254 9
267 43
274 485
275 119
291 151
300 184
313 170
318 294
326 47
339 182
341 544
345 356
358 225
371 154
392 302
393 377
401 456
409 443
411 44
417 404
423 270
424 167
430 87
432 353
438 424
449 147
454 213
474 3
482 479
489 525
491 179
7 239
27 164
28 242
64 197
98 75
106 283
124 212
127 263
148 32
175 346
194 112
197 64
217 359
243 58
246 39
251 25
252 238
263 395
278 402
283 360
284 271
294 417
295 119
299 494
309 289
315 29
325 321
327 273
331 314
356 182
360 485
387 184
402 420
427 44
431 170
441 4
446 270
449 467
450 87
453 151
455 47
461 294
470 213
474 356
475 404
494 424
43 239
104 75
169 242
187 32
208 164
213 112
221 55
223 197
256 359
277 64
280 212
308 346
309 58
324 238
333 39
340 29
347 283
355 119
361 273
363 402
372 430
373 321
375 395
405 25
419 494
434 51
436 420
442 360
466 184
468 44
480 485
136 75
195 242
235 239
244 164
246 112
282 64
311 359
337 58
353 283
370 212
386 55
394 346
408 119
420 238
443 321
444 430
471 197
483 402
490 360
4 191
5 10
10 293
12 312
13 380
16 27
16 40
17 50
18 361
19 20
20 134
25 8
25 71
26 490
34 461
35 22
36 352
38 14
40 542
41 7
42 326
47 110
53 155
55 372
58 218
64 131
68 139
71 81
73 288
78 24
80 72
83 275
85 533
110 307
118 330
120 280
122 407
123 76
124 57
124 332
129 549
140 491
141 425
146 309
147 113
150 310
154 15
154 322
156 246
169 45
172 303
178 534
188 88
188 483
189 327
193 227
199 115
205 458
219 507
222 345
227 183
233 245
234 524
236 137
238 543
239 351
242 358
247 465
248 102
253 333
259 255
263 132
269 231
274 502
276 114
276 347
284 118
317 223
332 399
336 315
344 355
345 79
346 185
346 261
349 336
354 63
357 486
359 236
364 539
382 23
389 464
391 224
403 121
414 471
435 492
456 335
479 34
495 342
1 220
3 38
24 267
30 60
41 74
44 22
49 312
50 244
56 19
61 155
62 490
67 459
74 71
77 134
77 165
85 461
90 288
99 131
115 372
121 13
127 139
133 24
145 533
149 14
150 330
153 549
157 20
161 491
165 293
171 275
181 280
183 534
191 307
193 320
194 110
199 116
204 412
209 513
215 303
266 322
279 200
287 483
290 31
295 333
303 542
310 10
328 8
338 72
338 255
339 327
341 352
342 380
344 118
350 159
356 241
361 56
365 88
375 132
378 15
380 63
382 458
391 296
396 391
400 185
406 180
417 183
429 261
445 358
448 399
450 361
454 336
467 227
476 114
484 137
487 45
489 99
492 310
493 79
1 154
4 166
27 43
46 220
69 22
72 167
76 19
86 165
88 267
111 38
135 459
160 490
163 13
173 24
183 244
189 443
197 377
203 71
210 456
212 513
224 549
225 353
227 330
229 533
231 116
250 225
253 155
255 461
259 14
269 9
283 131
296 74
302 280
317 20
318 110
320 10
334 320
354 134
355 303
358 322
369 288
370 60
372 372
377 88
380 139
388 63
388 132
390 8
397 200
398 275
407 491
410 31
424 380
426 185
429 56
430 412
434 261
436 302
437 307
452 72
453 293
459 296
466 361
485 458
486 241
9 417
53 166
60 182
70 220
86 294
91 43
96 271
101 87
114 38
117 263
125 267
161 22
164 270
180 490
185 24
185 165
206 4
228 353
231 244
237 213
262 225
265 154
270 14
288 459
293 443
297 167
319 47
322 330
323 110
335 314
343 155
352 170
372 134
373 20
374 461
384 10
385 372
389 116
394 288
395 549
400 132
401 139
404 320
426 491
447 280
457 424
471 322
481 356
488 307
496 377
496 533
3 273
14 184
32 420
47 25
61 304
67 417
78 485
82 182
123 38
132 87
133 267
150 294
158 166
159 43
174 271
198 490
200 22
205 395
207 220
233 244
257 44
264 32
267 213
271 263
273 154
274 353
285 14
307 167
310 24
311 165
337 39
339 443
367 494
379 20
382 225
390 461
399 4
403 459
410 270
412 10
422 372
427 491
444 134
469 330
473 170
479 47
487 424
493 29
2 129
4 370
13 325
14 541
15 413
21 17
24 248
26 265
28 120
36 199
37 254
39 6
47 514
48 11
48 117
52 523
53 448
58 319
59 274
65 487
66 375
72 298
73 70
75 453
82 138
84 324
87 35
89 28
90 16
92 374
95 204
100 66
100 178
105 495
106 84
108 519
112 279
119 168
119 177
128 108
131 384
139 376
140 362
141 196
142 455
143 41
145 61
146 262
152 207
158 222
176 457
191 468
201 520
213 269
219 190
224 462
234 540
248 381
250 450
272 89
286 206
305 90
327 195
366 226
378 482
383 368
387 418
393 403
395 93
398 237
418 535
421 259
440 431
443 440
461 18
461 65
462 216
473 419
17 27
18 413
19 40
21 236
22 370
22 425
25 224
29 464
31 243
43 231
51 315
57 7
69 265
81 319
83 57
102 23
102 524
103 178
104 113
118 102
122 66
125 121
128 6
132 117
137 345
147 35
148 108
148 514
161 335
162 34
166 70
167 191
171 223
180 199
180 274
181 168
190 17
196 279
197 539
199 262
200 487
209 326
211 332
215 245
220 305
235 355
239 455
243 129
254 375
281 468
289 374
294 204
297 362
298 407
301 448
306 16
311 309
316 138
321 520
322 507
326 41
328 543
333 462
338 206
342 486
346 84
347 373
353 81
354 519
359 298
360 61
376 457
381 325
384 28
402 502
406 342
407 190
417 177
419 351
420 465
425 535
428 115
431 218
460 248
475 76
477 376
492 254
8 15
12 534
39 3
49 45
51 370
68 336
79 79
86 319
89 227
91 183
98 231
102 40
107 178
109 7
110 542
121 327
130 399
138 255
149 358
151 23
151 514
156 425
163 236
173 391
186 312
201 35
216 315
226 274
230 108
232 335
240 159
244 524
246 99
249 332
251 34
255 117
258 168
259 245
267 455
282 199
302 147
304 6
306 487
312 464
315 333
332 310
344 70
357 121
365 138
368 17
369 84
377 352
379 41
396 355
413 448
416 61
420 374
425 66
425 298
439 457
442 265
448 279
450 407
452 180
455 507
456 16
464 413
478 114
480 190
481 483
493 262
5 293
11 404
19 200
34 63
42 513
45 261
63 131
76 467
88 79
92 15
97 71
104 231
122 319
134 370
136 458
153 227
154 336
168 23
170 358
177 327
184 74
206 178
218 3
241 380
247 7
249 534
252 542
253 302
256 8
263 275
272 524
279 315
281 455
284 183
288 255
291 40
301 9
316 487
317 108
326 34
329 19
329 456
343 333
345 168
348 35
349 245
356 332
362 296
383 99
388 412
390 352
398 199
401 60
415 399
423 361
427 298
430 159
432 6
441 185
446 355
475 13
477 312
483 425
485 117
486 17
488 374
20 549
26 288
37 63
40 116
78 280
80 131
97 467
131 200
138 79
144 319
159 322
165 533
168 132
175 231
192 358
221 178
229 3
258 261
270 227
286 23
287 380
300 7
300 370
303 458
304 255
313 15
314 8
319 315
325 110
331 139
334 183
350 487
351 71
353 455
359 524
364 327
374 168
380 293
386 332
394 534
403 34
405 412
418 99
421 199
432 302
434 35
438 456
442 356
447 355
458 60
463 542
465 19
468 245
469 108
476 307
482 40
485 513
489 404
491 117
495 298
7 256
8 516
9 181
10 251
15 194
23 344
27 135
30 100
33 441
38 378
42 257
45 106
46 379
63 146
65 301
71 158
84 529
99 498
108 36
112 201
130 472
144 339
160 235
172 382
176 526
182 258
203 281
320 511
362 414
433 423
451 409
466 438
494 484
2 89
3 222
16 347
29 431
31 324
33 251
44 471
54 344
56 419
57 541
62 65
62 237
66 194
70 441
74 256
81 368
87 418
88 106
93 196
93 378
94 379
105 529
106 453
107 257
113 495
116 516
139 269
147 540
183 381
189 93
194 450
213 36
237 235
239 18
261 146
262 472
321 120
324 201
330 523
419 226
424 207
428 339
453 181
455 403
470 440
35 251
60 541
75 502
79 89
80 81
95 347
103 28
113 177
115 237
115 431
116 222
117 106
126 194
126 471
129 76
131 254
132 256
137 543
142 378
143 325
152 418
155 379
157 453
164 65
167 118
169 257
171 516
174 196
175 324
178 115
179 368
184 381
186 441
187 495
188 520
190 540
195 468
198 344
215 345
228 204
255 36
257 375
270 113
290 419
296 269
308 519
313 309
315 351
318 179
323 450
333 191
340 465
365 218
381 27
385 235
391 362
396 529
404 18
446 472
6 335
6 448
23 45
55 16
85 190
96 457
120 251
127 70
155 89
159 84
179 177
179 347
200 237
201 65
202 407
202 431
204 543
207 28
207 381
210 194
214 344
214 453
216 541
217 441
218 118
220 378
221 222
222 81
223 121
225 471
225 483
226 262
234 265
236 502
238 274
240 72
242 507
247 257
248 279
252 324
256 379
261 516
264 325
266 254
266 540
275 464
276 368
280 468
289 514
295 495
304 256
309 76
363 115
369 418
371 236
395 36
397 520
418 66
426 345
459 375
460 113
464 179
472 18
474 88
478 419
482 519
495 191
7 159
79 16
123 13
135 9
182 74
191 333
195 448
208 251
208 275
211 320
217 190
230 457
244 381
251 541
260 45
260 89
268 347
271 81
273 6
275 431
278 17
278 471
282 65
283 70
291 296
292 335
294 177
307 28
308 155
314 194
319 185
320 118
324 84
330 483
332 222
335 262
337 237
340 325
341 368
342 441
348 257
363 312
367 121
371 468
375 374
387 514
392 274
393 265
404 279
409 336
411 516
412 540
414 344
416 72
422 407
423 254
429 256
433 453
435 324
438 378
439 379
441 418
443 520
449 502
451 399
462 507
479 425
486 464
487 76
30 62
32 77
35 175
48 230
59 299
101 300
152 318
153 447
163 460
181 489
192 496
212 501
224 503
236 521
245 528
245 531
258 550
265 11
265 50
268 62
277 77
279 90
285 100
292 135
293 158
293 175
298 195
299 216
305 230
310 246
312 258
325 259
327 281
336 299
343 300
347 301
351 318
355 382
357 384
358 409
362 423
366 414
368 438
370 447
373 460
374 482
376 484
377 489
378 492
385 496
386 498
399 501
399 503
400 511
406 521
407 528
408 550
413 526
414 531
408 11
415 50
435 57
436 62
437 77
437 90
440 93
444 100
445 102
447 120
452 129
454 135
456 137
457 146
457 158
458 175
463 181
463 195
464 201
465 206
465 207
467 216
467 223
468 224
470 226
471 230
472 243
476 246
480 248
483 258
484 259
484 281
488 299
490 300
490 301
491 305
492 318
494 326
