97 371
97 2
97 32
160 30
160 182
160 24
184 411
184 74
184 96
92 1
92 42
92 15
113 547
113 417
113 3
130 82
130 68
130 420
135 313
135 321
135 44
161 317
161 350
161 9
229 189
229 533
229 434
323 385
323 58
323 163
325 308
325 5
325 451
328 317
328 8
328 22
389 145
389 38
389 233
390 164
390 461
390 81
395 442
395 470
395 4
429 329
429 75
429 33
440 394
440 68
440 53
455 334
455 13
455 25
481 30
481 63
481 108
485 428
485 467
485 43
3 87
3 43
3 60
4 317
4 26
4 64
20 329
20 134
20 91
42 189
42 16
42 96
52 475
52 350
52 417
60 430
60 162
60 249
66 197
66 350
66 97
69 385
69 282
69 6
74 329
74 136
74 444
90 545
90 420
90 7
128 82
128 317
128 17
140 1
140 173
140 225
144 452
144 12
144 118
154 411
154 451
154 125
156 171
156 288
156 40
182 136
182 24
182 255
196 317
196 66
196 65
198 164
198 400
198 183
218 24
218 26
218 546
235 394
235 442
235 19
244 411
244 72
244 434
254 268
254 255
254 178
273 263
273 64
273 170
281 475
281 36
281 276
313 170
313 349
313 43
316 31
316 213
316 85
321 388
321 28
321 534
327 68
327 270
327 455
342 308
342 29
342 278
372 313
372 231
372 21
373 321
373 184
373 8
383 27
383 104
383 335
384 371
384 56
384 34
402 189
402 101
402 533
411 452
411 430
411 35
416 313
416 461
416 41
420 422
420 182
420 1
422 58
422 159
422 350
464 442
464 294
464 372
491 411
491 47
491 434
14 428
14 321
14 46
16 46
16 242
16 48
22 313
22 182
22 296
28 479
28 99
28 157
32 411
32 96
32 51
33 417
33 251
33 398
36 1
36 111
36 234
45 475
45 75
45 106
48 1
48 260
48 22
49 64
49 221
49 340
55 547
55 57
55 61
57 428
57 102
57 542
64 197
64 420
64 62
70 33
70 470
70 284
75 164
75 400
75 71
80 79
80 96
80 437
81 385
81 370
81 77
84 22
84 280
84 16
87 442
87 333
87 134
93 68
93 395
93 74
98 64
98 425
98 298
105 99
105 233
105 80
108 329
108 113
108 231
120 417
120 280
120 83
122 75
122 461
122 92
127 294
127 249
127 443
136 58
136 233
136 177
141 366
141 5
141 312
143 371
143 93
143 95
158 451
158 155
158 524
165 308
165 533
165 98
176 15
176 428
176 420
178 136
178 236
178 276
180 329
180 191
180 100
199 103
199 294
199 257
201 64
201 7
201 150
216 24
216 68
216 109
230 394
230 215
230 110
242 26
242 283
242 114
243 185
243 190
243 122
250 456
250 225
250 13
252 475
252 448
252 255
261 385
261 163
261 126
262 356
262 217
262 546
263 307
263 237
263 434
264 276
264 40
264 315
269 242
269 124
269 134
277 289
277 136
277 375
280 221
280 524
280 444
296 82
296 87
296 128
301 343
301 96
301 129
319 205
319 33
319 400
333 162
333 430
333 251
344 533
344 6
344 271
348 145
348 208
348 132
355 46
355 467
355 133
358 499
358 340
358 451
359 183
359 507
359 282
363 547
363 13
363 137
368 547
368 441
368 140
369 350
369 110
369 142
371 282
371 363
371 463
377 442
377 310
377 147
388 97
388 417
388 159
393 377
393 180
393 534
403 33
403 181
403 151
408 428
408 436
408 17
424 242
424 207
424 8
427 452
427 2
427 156
428 26
428 420
428 158
434 75
434 231
434 264
435 200
435 38
435 434
437 283
437 455
437 545
439 25
439 380
439 74
443 321
443 358
443 176
446 189
446 7
446 85
459 394
459 193
459 188
461 136
461 468
461 284
462 95
462 15
462 192
469 145
469 85
469 257
474 3
474 196
474 255
479 82
479 15
479 510
487 371
487 60
487 340
490 360
490 407
490 370
493 334
493 325
493 29
495 432
495 33
495 249
496 30
496 63
496 451
1 22
1 58
1 280
5 470
5 171
5 194
6 456
6 533
6 198
8 424
8 274
8 195
9 283
9 15
9 2
11 422
11 182
11 199
13 31
13 40
13 2
15 47
15 330
15 446
19 391
19 514
19 333
23 385
23 206
23 216
27 43
27 22
27 79
31 95
31 311
31 218
34 461
34 249
34 243
41 322
41 265
41 546
53 26
53 13
53 295
58 353
58 125
58 223
59 200
59 132
59 400
61 400
61 42
61 134
63 30
63 269
63 226
65 475
65 40
65 2
71 81
71 145
71 228
73 351
73 6
73 519
76 473
76 298
76 231
88 6
88 79
88 542
91 43
91 6
91 444
95 87
95 450
95 159
102 159
102 25
102 395
103 4
103 455
103 3
104 366
104 246
104 163
107 178
107 292
107 280
109 408
109 40
109 3
116 29
116 347
116 217
117 99
117 125
117 230
121 315
121 375
121 257
125 371
125 25
125 542
126 394
126 332
126 235
129 430
129 13
129 234
132 312
132 8
132 251
133 63
133 25
133 444
137 35
137 236
137 294
146 200
146 535
146 250
149 399
149 228
149 3
151 502
151 79
151 455
153 99
153 516
153 134
157 197
157 357
157 231
166 75
166 4
166 367
167 30
167 403
167 162
168 545
168 427
168 254
175 35
175 58
175 280
177 313
177 314
177 9
183 35
183 63
183 294
190 422
190 42
190 258
192 547
192 305
192 281
194 513
194 542
194 255
197 95
197 461
197 287
200 182
200 71
200 299
204 268
204 543
204 300
205 42
205 35
205 370
206 38
206 469
206 4
208 282
208 111
208 170
209 377
209 415
209 65
211 321
211 393
211 142
213 159
213 379
213 260
214 387
214 467
214 4
217 82
217 205
217 510
219 42
219 24
219 271
222 8
222 99
222 217
223 197
223 342
223 306
227 46
227 97
227 318
233 427
233 183
233 323
234 545
234 284
234 354
238 422
238 44
238 369
246 542
246 79
246 260
257 545
257 101
257 373
258 282
258 111
258 5
260 422
260 16
260 382
265 125
265 171
265 524
266 372
266 444
266 383
267 9
267 118
267 370
268 430
268 397
268 401
270 17
270 472
270 5
271 263
271 81
271 446
272 7
272 125
272 251
282 110
282 295
282 388
283 360
283 85
283 524
284 173
284 367
284 455
286 233
286 356
286 409
289 98
289 155
289 74
290 233
290 190
290 418
291 456
291 448
291 423
292 479
292 270
292 431
294 164
294 111
294 284
295 197
295 9
295 5
307 544
307 278
307 7
312 56
312 429
312 439
314 97
314 546
314 440
318 71
318 249
318 150
320 47
320 63
320 9
335 189
335 12
335 445
336 452
336 221
336 447
343 155
343 333
343 453
345 46
345 12
345 460
346 85
346 524
346 464
350 29
350 515
350 12
351 436
351 32
351 534
356 142
356 21
356 251
357 278
357 477
357 466
365 213
365 36
365 12
370 66
370 111
370 284
375 132
375 407
375 471
376 395
376 171
376 370
382 506
382 32
382 16
385 29
385 469
385 16
386 467
386 534
386 474
401 289
401 178
401 476
404 142
404 17
404 274
406 103
406 162
406 17
412 467
412 276
412 478
415 34
415 215
415 463
418 142
418 292
418 19
419 34
419 534
419 482
430 87
430 34
430 74
432 283
432 527
432 484
442 19
442 36
442 265
449 21
449 34
449 448
457 132
457 363
457 463
460 506
460 157
460 330
463 19
463 398
463 21
466 388
466 53
466 163
468 44
468 205
468 510
472 200
472 19
472 489
475 234
475 526
475 340
478 27
478 340
478 21
480 132
480 27
480 492
482 511
482 499
482 27
483 72
483 470
483 28
494 283
494 271
494 500
7 242
7 501
7 512
10 448
10 27
10 518
12 38
12 315
12 260
17 95
17 92
17 520
18 38
18 171
18 523
26 113
26 271
26 525
35 164
35 271
35 28
37 395
37 28
37 528
40 351
40 221
40 529
43 60
43 473
43 28
46 436
46 31
46 531
47 468
47 276
47 31
51 205
51 93
51 470
56 353
56 424
56 536
62 295
62 437
62 550
67 308
67 539
67 548
72 263
72 516
72 41
78 66
78 177
78 32
82 360
82 367
82 48
86 295
86 32
86 51
89 61
89 72
89 80
94 473
94 432
94 57
99 439
99 298
99 162
112 452
112 62
112 77
118 71
118 92
118 31
119 228
119 36
119 83
138 44
138 151
138 446
139 499
139 36
139 91
142 215
142 184
142 100
145 335
145 41
145 102
147 228
147 295
147 104
148 502
148 41
148 44
150 200
150 288
150 106
155 72
155 315
155 41
162 263
162 333
162 47
164 424
164 122
164 108
169 47
169 48
169 109
170 103
170 311
170 48
171 427
171 48
171 114
174 395
174 51
174 124
181 367
181 170
181 51
186 473
186 312
186 126
189 60
189 196
189 441
191 180
191 72
191 51
195 80
195 199
195 463
202 92
202 97
202 53
203 250
203 453
203 128
210 92
210 325
210 101
212 369
212 254
212 129
215 298
215 469
215 53
221 205
221 269
221 398
225 432
225 443
225 133
226 173
226 53
226 137
228 87
228 307
228 546
231 191
231 147
231 56
239 185
239 56
239 140
240 215
240 56
240 156
241 221
241 61
241 57
247 61
247 257
247 57
249 242
249 113
249 57
253 101
253 333
253 158
255 367
255 218
255 60
256 184
256 170
256 61
259 468
259 315
259 176
275 254
275 113
275 62
278 254
278 113
278 62
287 216
287 192
287 446
297 308
297 62
297 181
299 101
299 513
299 188
302 270
302 65
302 193
305 110
305 208
305 194
308 65
308 514
308 446
309 218
309 448
309 65
311 83
311 66
311 195
315 185
315 372
315 66
322 118
322 349
322 510
329 347
329 281
329 198
330 183
330 450
330 206
331 387
331 81
331 427
332 399
332 335
332 207
340 463
340 71
340 223
341 299
341 91
341 77
349 472
349 118
349 81
352 296
352 217
352 80
361 254
361 77
361 226
364 305
364 190
364 230
366 108
366 507
366 312
374 473
374 150
374 77
378 93
378 260
378 80
379 103
379 356
379 235
380 83
380 104
380 183
387 155
387 108
387 83
391 478
391 357
391 237
396 122
396 91
396 246
397 515
397 358
397 258
405 102
405 91
405 243
409 173
409 110
409 298
410 145
410 93
410 264
413 263
413 93
413 287
417 334
417 403
417 300
421 492
421 98
421 306
423 151
423 332
423 98
425 360
425 427
425 98
431 163
431 380
431 536
433 180
433 437
433 100
436 190
436 100
436 310
438 270
438 425
438 318
448 314
448 330
448 322
450 343
450 519
450 100
451 228
451 312
451 102
454 118
454 358
454 323
458 151
458 431
458 342
465 499
465 510
465 102
470 424
470 288
470 354
471 199
471 363
471 103
486 372
486 104
486 373
2 151
2 104
2 379
21 173
21 106
21 382
24 108
24 356
24 106
25 322
25 106
25 383
29 289
29 391
29 393
30 511
30 225
30 397
39 372
39 401
39 408
44 536
44 109
44 409
50 407
50 109
50 415
54 124
54 274
54 469
77 114
77 469
77 109
79 181
79 114
79 418
83 250
83 114
83 423
85 129
85 122
85 440
100 436
100 122
100 429
101 177
101 126
101 445
106 155
106 237
106 441
111 129
111 124
111 447
124 191
124 124
124 460
131 292
131 516
131 464
159 529
159 398
159 466
172 474
172 126
172 471
185 443
185 126
185 476
188 180
188 441
188 477
193 129
193 150
193 128
220 349
220 363
220 482
224 128
224 484
224 489
232 432
232 500
232 501
236 525
236 453
236 512
237 330
237 539
237 518
245 325
245 128
245 523
248 133
248 520
248 526
251 157
251 133
251 527
279 274
279 133
279 528
285 199
285 269
285 531
288 349
288 377
288 535
293 437
293 137
293 544
298 208
298 140
298 543
304 137
304 548
304 550
306 184
306 147
306 156
310 181
310 137
310 158
324 450
324 443
324 176
334 307
334 188
334 192
337 307
337 502
337 193
338 264
338 198
338 194
339 147
339 235
339 140
347 307
347 196
347 206
362 499
362 190
362 195
367 310
367 140
367 207
381 225
381 215
381 213
398 147
398 150
398 216
400 184
400 380
400 223
407 156
407 236
407 246
414 514
414 398
414 156
441 353
441 393
441 226
447 196
447 157
447 230
453 436
453 157
453 258
467 213
467 158
467 243
473 375
473 437
473 265
476 296
476 369
476 268
477 223
477 158
477 281
488 180
488 507
488 299
489 387
489 300
489 305
68 207
68 176
68 306
96 185
96 176
96 287
110 351
110 314
110 318
114 468
114 311
114 323
115 441
115 177
115 332
123 181
123 177
123 342
134 217
134 178
134 343
152 391
152 347
152 354
163 479
163 357
163 366
173 191
173 178
173 373
179 288
179 379
179 382
207 185
207 397
207 399
274 199
274 265
274 383
276 325
276 401
276 403
303 349
303 188
303 408
317 208
317 409
317 415
326 472
326 418
326 423
354 288
354 188
354 425
392 353
392 431
392 439
394 191
394 192
394 429
399 195
399 443
399 440
426 192
426 445
426 447
444 380
444 193
444 460
445 525
445 464
445 466
452 264
452 471
452 474
456 325
456 193
456 476
484 492
484 477
484 478
492 195
492 502
492 482
38 484
38 489
38 500
187 196
187 501
187 506
300 513
300 511
300 512
353 523
353 518
353 519
360 515
360 520
360 526
