184 266
55 30
74 329
113 94
126 172
235 317
260 331
402 189
403 33
261 94
386 172
411 189
494 317
7 242
28 51
67 308
69 290
75 107
92 1
137 64
198 164
200 252
202 143
216 24
254 165
257 26
389 145
416 209
455 32
474 3
490 75
165 308
166 266
180 329
208 107
244 164
249 30
255 252
269 242
290 26
480 1
264 94
295 30
434 266
15 25
29 95
30 54
61 136
83 171
91 43
139 19
156 13
161 68
194 174
209 160
212 29
256 112
313 170
320 134
324 67
329 37
347 119
351 321
358 225
364 12
375 55
420 238
420 350
435 336
460 69
472 200
85 64
103 33
198 290
219 136
310 24
433 29
48 1
69 164
100 317
193 329
282 64
118 30
129 94
436 266
15 82
24 239
40 58
48 22
61 255
75 4
79 79
91 267
92 42
113 49
134 73
156 288
161 166
161 220
180 105
184 74
209 99
219 228
244 182
245 31
254 9
264 40
266 17
266 52
282 186
284 121
287 14
313 5
313 293
320 272
322 65
351 71
358 45
362 87
375 244
389 38
399 20
411 304
431 297
444 313
490 98
28 171
40 25
123 143
129 165
194 267
216 68
269 209
287 3
402 49
460 160
472 272
474 220
304 68
455 165
24 85
48 116
55 2
74 219
79 144
92 15
103 96
113 39
118 7
137 340
139 23
156 6
165 154
166 10
184 163
200 177
208 217
212 34
235 16
235 36
244 346
245 131
248 63
248 231
254 117
256 70
257 28
261 257
284 35
290 8
303 72
304 227
322 53
322 260
329 102
362 44
364 46
389 167
392 27
392 97
403 60
416 78
416 237
420 66
431 113
434 18
434 280
435 324
436 47
455 132
74 52
248 346
284 350
295 96
303 14
358 154
431 163
433 244
480 22
435 346
7 11
7 21
15 41
24 48
28 50
29 56
29 57
30 59
30 61
40 62
55 76
61 77
67 80
67 81
69 83
75 84
79 86
83 88
83 89
85 90
85 91
91 92
100 93
100 100
103 101
118 103
123 104
123 106
126 108
126 109
129 110
134 111
134 114
137 115
139 118
165 120
166 122
180 123
193 124
193 125
194 126
198 127
200 128
202 129
202 130
208 133
209 135
212 137
216 138
219 139
245 140
249 141
249 142
255 146
255 147
256 148
257 149
260 150
260 151
261 152
264 153
266 155
269 156
282 157
287 158
290 159
295 161
303 162
304 168
310 169
310 173
320 175
324 176
324 178
329 180
347 179
347 181
351 183
362 184
364 185
375 187
386 188
386 190
392 191
399 192
399 193
402 194
403 195
411 196
433 197
436 198
444 199
444 201
460 202
472 203
474 204
480 205
490 206
494 207
494 208
