114 481
114 244
114 430
193 329
193 350
193 451
303 238
303 350
303 356
134 317
134 417
134 290
162 481
162 417
162 238
352 33
352 329
352 13
361 29
361 273
361 267
431 400
431 170
431 26
25 481
25 407
25 8
43 481
43 64
43 43
52 317
52 350
52 44
54 545
54 329
54 3
61 26
61 290
61 267
68 94
68 271
68 149
109 337
109 244
109 7
111 481
111 49
111 182
165 33
165 110
165 43
232 405
232 154
232 360
241 103
241 485
241 43
267 25
267 400
267 58
287 160
287 350
287 31
328 143
328 22
328 81
364 452
364 136
364 327
410 33
410 244
410 79
416 33
416 317
416 350
450 317
450 165
450 346
460 26
460 499
460 533
1 317
1 212
1 337
21 94
21 149
21 75
24 33
24 428
24 360
38 67
38 14
38 288
56 405
56 499
56 167
65 371
65 49
65 461
77 329
77 149
77 166
103 313
103 134
103 420
119 545
119 290
119 374
133 94
133 267
133 25
140 143
140 329
140 225
141 428
141 87
141 99
149 475
149 358
149 420
150 26
150 200
150 294
178 400
178 321
178 136
194 67
194 112
194 10
203 475
203 71
203 267
205 290
205 337
205 131
210 371
210 296
210 182
254 337
254 400
254 220
257 545
257 263
257 14
331 26
331 289
331 6
336 452
336 94
336 244
348 337
348 49
348 330
354 136
354 545
354 116
379 149
379 75
379 428
382 160
382 23
382 43
392 149
392 360
392 23
420 530
420 238
420 25
430 428
430 63
430 314
432 313
432 184
432 421
449 32
449 55
449 131
2 451
2 10
2 167
11 547
11 58
11 491
13 49
13 371
13 325
22 452
22 24
22 370
36 136
36 56
36 304
41 49
41 74
41 7
50 547
50 14
50 58
64 405
64 412
64 177
66 547
66 64
66 267
70 451
70 220
70 304
83 136
83 227
83 6
91 428
91 43
91 170
92 530
92 273
92 304
98 3
98 75
98 290
125 545
125 220
125 4
128 371
128 467
128 70
136 67
136 75
136 458
138 313
138 400
138 134
145 452
145 244
145 20
156 313
156 246
156 353
157 160
157 20
157 112
164 371
164 265
164 9
166 51
166 64
166 66
172 421
172 499
172 17
196 421
196 166
196 38
199 103
199 280
199 288
206 38
206 4
206 178
226 499
226 15
226 346
227 452
227 24
227 179
231 273
231 116
231 14
235 94
235 58
235 10
243 405
243 58
243 129
246 475
246 112
246 220
252 475
252 23
252 213
269 51
269 405
269 231
280 451
280 212
280 116
284 103
284 485
284 99
290 160
290 180
290 380
298 239
298 395
298 451
308 346
308 25
308 294
326 499
326 242
326 16
346 164
346 112
346 6
355 143
355 459
355 420
394 143
394 533
394 184
402 239
402 420
402 296
405 103
405 296
405 25
408 67
408 270
408 294
409 547
409 443
409 491
439 112
439 239
439 15
469 184
469 200
469 116
481 304
481 399
481 84
3 165
3 485
3 38
4 530
4 60
4 327
5 331
5 271
5 319
18 64
18 200
18 45
27 164
27 166
27 255
55 475
55 372
55 385
58 421
58 147
58 182
69 331
69 530
69 265
71 3
71 263
71 322
84 530
84 321
84 131
90 3
90 44
90 417
95 547
95 88
95 47
155 184
155 39
155 131
158 273
158 271
158 165
161 490
161 491
161 335
168 3
168 242
168 227
169 242
169 45
169 14
176 143
176 417
176 458
177 271
177 132
177 455
185 67
185 165
185 24
218 55
218 549
218 155
219 64
219 160
219 495
220 421
220 372
220 197
228 55
228 353
228 321
229 239
229 305
229 336
240 313
240 32
240 491
248 22
248 213
248 65
263 395
263 132
263 139
274 485
274 502
274 353
281 55
281 212
281 10
297 4
297 430
297 178
302 314
302 74
302 294
305 47
305 15
305 345
313 170
313 183
313 288
321 9
321 360
321 519
335 44
335 99
335 102
340 29
340 167
340 220
344 38
344 320
344 212
345 359
345 542
345 168
349 56
349 72
349 212
360 164
360 273
360 225
367 164
367 197
367 182
369 20
369 262
369 167
372 39
372 372
372 134
391 75
391 459
391 185
411 44
411 513
411 170
415 55
415 167
415 15
426 184
426 79
426 159
434 51
434 261
434 346
436 420
436 44
436 490
459 304
459 9
459 225
466 4
466 345
466 358
471 119
471 417
471 47
477 263
477 87
477 41
486 321
486 20
486 131
489 151
489 280
489 283
493 359
493 395
493 461
496 239
496 377
496 533
8 9
8 63
8 197
10 197
10 346
10 15
14 24
14 242
14 8
15 238
15 10
15 159
28 147
28 213
28 275
40 4
40 485
40 542
45 119
45 182
45 315
46 24
46 255
46 110
49 87
49 490
49 165
63 87
63 430
63 38
73 309
73 330
73 166
86 22
86 319
86 166
87 22
87 63
87 524
89 164
89 197
89 7
93 119
93 116
93 8
94 32
94 39
94 8
100 242
100 331
100 121
107 456
107 243
107 134
110 103
110 361
110 524
117 22
117 542
117 241
118 213
118 430
118 168
121 39
121 13
121 327
124 9
124 395
124 99
127 263
127 13
127 280
129 51
129 549
129 13
130 238
130 356
130 23
154 51
154 293
154 63
170 39
170 114
170 154
173 283
173 60
173 315
197 13
197 507
197 356
233 47
233 223
233 245
237 314
237 213
237 154
250 263
250 225
250 34
259 255
259 293
259 467
262 331
262 361
262 424
264 331
264 32
264 288
271 356
271 255
271 8
273 294
273 154
273 6
286 47
286 513
286 23
288 119
288 459
288 549
294 395
294 99
294 491
296 74
296 430
296 424
299 119
299 333
299 6
306 459
306 513
306 31
307 151
307 178
307 425
311 359
311 45
311 519
322 29
322 330
322 507
323 87
323 110
323 402
325 321
325 7
325 424
329 456
329 19
329 424
332 270
332 464
332 11
334 56
334 302
334 534
339 280
339 399
339 117
353 283
353 81
353 261
368 385
368 17
368 79
370 60
370 63
370 231
371 154
371 490
371 28
375 132
375 31
375 448
378 359
378 490
378 16
383 270
383 19
383 28
384 385
384 372
384 424
388 385
388 533
388 40
389 151
389 425
389 327
397 180
397 200
397 487
401 456
401 139
401 225
417 283
417 412
417 113
422 29
422 71
422 159
424 270
424 380
424 358
448 314
448 464
448 89
454 270
454 200
454 19
455 456
455 459
455 16
462 385
462 332
462 40
473 305
473 170
473 333
474 241
474 464
474 183
478 456
478 41
478 45
479 283
479 315
479 288
12 74
12 549
12 245
17 289
17 353
17 494
34 320
34 457
34 319
39 271
39 310
39 330
44 356
44 35
44 448
47 110
47 29
47 16
51 74
51 183
51 370
53 155
53 261
53 461
72 302
72 296
72 298
74 110
74 177
74 319
78 359
78 255
78 336
80 72
80 17
80 324
82 360
82 35
82 118
96 88
96 549
96 333
97 467
97 71
97 487
99 183
99 50
99 40
104 102
104 513
104 370
106 20
106 32
106 468
113 402
113 467
113 71
135 377
135 183
135 404
137 139
137 319
137 76
142 302
142 455
142 40
148 155
148 40
148 108
151 467
151 155
151 79
167 34
167 121
167 36
174 28
174 352
174 280
183 402
183 35
183 71
184 322
184 457
184 35
187 115
187 185
187 45
188 50
188 199
188 70
209 377
209 79
209 117
212 31
212 377
212 7
215 147
215 245
215 533
222 261
222 322
222 28
223 31
223 380
223 34
238 402
238 312
238 543
239 159
239 113
239 19
249 72
249 332
249 16
270 17
270 227
270 315
272 19
272 72
272 261
276 27
276 412
276 134
277 151
277 275
277 60
283 56
283 66
283 17
300 353
300 72
300 370
301 147
301 448
301 28
309 289
309 185
309 457
314 34
314 132
314 190
317 114
317 34
317 108
318 139
318 293
318 461
319 89
319 315
319 155
327 132
327 56
327 251
341 151
341 117
341 448
350 159
350 352
350 199
358 404
358 60
358 117
380 139
380 524
380 298
381 147
381 27
381 89
396 88
396 289
396 199
406 180
406 342
406 117
407 89
407 524
407 302
427 27
427 178
427 312
429 180
429 524
429 455
442 114
442 113
442 372
443 377
443 534
443 41
445 243
445 358
445 118
453 180
453 380
453 236
456 335
456 108
456 222
458 302
458 178
458 375
463 542
463 70
463 254
467 358
467 65
467 368
468 335
468 245
468 190
495 27
495 298
495 455
6 50
6 335
6 89
19 70
19 307
19 11
20 322
20 231
20 65
31 391
31 412
31 108
33 84
33 457
33 231
37 293
37 448
37 35
42 289
42 513
42 257
57 185
57 227
57 190
59 279
59 227
59 70
67 380
67 303
67 108
75 322
75 502
75 457
76 391
76 381
76 312
85 461
85 168
85 190
101 402
101 298
101 404
105 61
105 539
105 231
108 18
108 279
108 381
112 118
112 303
112 296
122 407
122 336
122 113
123 479
123 76
123 194
143 494
143 206
143 190
144 118
144 440
144 251
146 544
146 314
146 65
175 50
175 65
175 355
182 168
182 245
182 275
186 320
186 312
186 441
189 327
189 443
189 93
198 443
198 36
198 256
204 303
204 361
204 543
213 179
213 269
213 378
214 525
214 177
214 344
216 269
216 541
216 534
221 269
221 347
221 514
230 494
230 333
230 298
242 27
242 502
242 307
253 333
253 57
253 514
279 118
279 542
279 251
285 494
285 412
285 191
289 404
289 129
289 502
295 241
295 293
295 113
312 305
312 88
312 185
316 102
316 61
316 487
320 11
320 262
320 81
324 494
324 41
324 379
333 307
333 352
333 312
337 307
337 66
337 237
342 399
342 41
342 418
356 241
356 168
356 36
365 544
365 196
365 455
373 269
373 487
373 84
387 241
387 487
387 194
390 191
390 407
390 81
398 275
398 199
398 237
400 307
400 102
400 431
403 121
403 199
403 57
412 534
412 332
412 330
413 50
413 66
413 251
414 347
414 84
414 222
419 88
419 534
419 137
423 361
423 254
423 332
425 66
425 535
425 254
428 345
428 195
428 514
433 102
433 84
433 204
441 399
441 224
441 121
446 335
446 458
446 332
461 243
461 18
461 274
470 57
470 138
470 471
472 310
472 381
472 121
480 254
480 251
480 516
482 479
482 320
482 419
483 520
483 57
483 450
485 458
485 355
485 194
487 404
487 236
487 344
491 320
491 347
491 36
492 310
492 254
492 541
9 93
9 382
9 194
16 114
16 11
16 347
23 269
23 256
23 431
29 137
29 305
29 194
32 129
32 362
32 275
48 11
48 18
48 370
81 347
81 177
81 540
102 114
102 378
102 418
116 224
116 262
116 274
120 191
120 413
120 381
147 93
147 177
147 218
160 179
160 355
160 344
190 443
190 256
190 472
201 129
201 256
201 516
208 179
208 462
208 381
211 450
211 355
211 431
217 418
217 483
217 472
234 265
234 520
234 274
244 191
244 345
244 256
247 351
247 57
247 257
256 191
256 520
256 379
261 146
261 257
261 471
266 443
266 61
266 540
282 345
282 61
282 279
310 93
310 471
310 344
315 309
315 384
315 441
330 520
330 344
330 483
343 265
343 431
343 222
351 342
351 507
351 355
357 179
357 120
357 18
359 236
359 274
359 418
366 257
366 137
366 450
376 305
376 115
376 18
377 195
377 413
377 431
395 93
395 218
395 453
421 246
421 391
421 418
435 492
435 274
435 324
438 471
438 236
438 374
440 399
440 450
440 471
444 450
444 378
444 483
451 373
451 378
451 472
452 195
452 81
452 201
464 413
464 483
464 61
475 76
475 195
475 90
476 223
476 195
476 541
484 137
484 279
484 36
494 115
494 204
494 541
26 262
26 310
26 76
60 458
60 352
60 495
88 106
88 325
88 379
115 374
115 204
115 441
126 472
126 378
126 520
132 462
132 279
132 76
139 472
139 248
139 425
159 324
159 465
159 368
171 137
171 77
171 158
179 222
179 453
179 62
191 222
191 482
191 62
195 115
195 468
195 541
200 352
200 237
200 441
251 204
251 115
251 62
255 374
255 218
255 516
304 196
304 441
304 62
338 544
338 129
338 419
347 224
347 501
347 62
363 507
363 135
363 77
393 303
393 342
393 265
418 204
418 90
418 235
437 382
437 77
437 100
447 413
447 336
447 77
488 374
488 489
488 77
62 483
62 336
62 453
153 425
153 90
153 175
180 303
180 224
180 540
181 413
181 90
181 207
192 342
192 90
192 216
202 453
202 507
202 100
207 262
207 516
207 135
224 462
224 540
224 100
225 382
225 379
225 100
245 206
245 218
245 301
258 158
258 362
258 516
260 135
260 100
260 181
275 382
275 379
275 106
291 224
291 342
291 106
374 407
374 540
374 226
386 384
386 106
386 230
7 135
7 235
7 106
236 511
236 237
236 120
265 326
265 120
265 258
268 135
268 120
268 259
278 146
278 120
278 281
292 479
292 138
292 299
293 384
293 138
293 300
385 362
385 158
385 138
399 382
399 138
399 318
404 243
404 237
404 146
457 146
457 158
457 339
490 206
490 362
490 407
30 361
30 521
30 146
35 158
35 235
35 175
79 181
79 175
79 376
131 384
131 196
131 181
152 207
152 175
152 403
163 207
163 375
163 409
362 196
362 414
362 175
465 196
465 423
465 201
