1 51
2 17
3 9
4 10
5 5
6 11
7 6
8 6
9 10
10 6
11 6
12 4
13 5
14 12
15 3
16 3
17 7
18 4
19 5
20 1
21 3
22 1
23 3
24 3
25 4
26 3
28 4
29 2
30 3
31 2
32 1
33 2
34 5
35 2
36 4
37 1
38 1
40 4
41 2
42 4
43 2
44 5
45 3
46 5
47 2
48 3
49 2
50 1
51 3
52 1
54 2
55 5
56 2
57 2
58 1
59 3
60 3
62 1
63 2
64 1
65 2
66 2
67 1
68 2
69 4
70 1
71 1
73 2
78 1
83 1
85 1
87 1
88 1
90 1
91 2
92 3
93 1
95 1
99 2
103 1
104 1
109 2
110 2
111 1
113 1
114 1
115 1
117 2
118 2
123 3
125 2
127 1
128 2
130 1
132 1
133 1
136 1
141 1
151 1
155 1
160 1
161 1
163 1
167 1
168 1
188 1
209 1
