338	306	
20436	244	
13993	127	
20909	206	
333	390	
331	81	
13997	458	
336	111	335	
20906	489	
334	17	28	290	
530	145	254	311	377	418	
20912	425	
1821	322	
8735	423	
15359	286	
539	433	
537	119	315	
536	341	416	
14994	223	
22519	1	
17497	106	
8404	5	
342	476	
344	158	263	308	444	
1429	308	
345	26	40	222	460	496	
540	193	277	317	318	
3	244	
14482	264	475	482	
542	78	393	443	
544	192	
20920	53	
1811	417	
547	21	141	
22127	4	
9	71	
1815	88	
16206	104	
20062	135	
17464	94	
22507	73	
15137	372	
310	131	140	326	333	334	353	
311	110	130	167	
2977	450	
511	433	
20651	317	318	
2973	168	
20653	139	
918	114	210	
720	31	236	
6472	204	
12875	234	
518	68	494	
517	54	232	274	438	
8445	493	
20260	219	
515	385	
10735	166	
14089	302	
323	124	412	
324	168	240	356	
16916	206	
5345	137	
20938	49	
325	397	
20465	404	492	
322	22	
522	187	381	
524	220	
520	68	297	
17272	202	
20668	137	
529	476	
8228	479	
526	100	
528	158	159	202	308	
1837	256	394	
15396	465	
987	309	
8055	197	
15114	213	325	426	
7594	159	
10952	317	
980	122	
10956	271	
20950	16	
700	116	292	383	484	489	
20679	135	
3238	86	
19111	186	
8069	490	
10059	293	
13945	306	
309	397	
20271	261	323	
7579	124	
14253	138	
15372	32	
8720	96	396	
13970	2	
20410	456	
8073	163	
8076	490	
1808	144	
21552	234	
8483	399	
550	425	
14265	54	274	
14263	307	
954	395	
956	143	342	
8087	228	405	
16221	322	
8473	151	
17231	290	
9332	404	
13764	36	207	
3268	1	62	84	181	
2748	495	
22326	56	
9342	276	
13357	213	325	426	
13358	220	
21570	47	234	
13554	389	
18412	96	396	
2151	338	
13142	242	
19148	378	
4032	186	
22313	59	
1617	76	
21368	222	
13905	211	
21975	222	
19156	259	
21972	71	135	
16472	63	
4934	219	
3214	494	
3212	156	
12685	360	
8946	188	289	384	488	
21398	97	
9776	386	
12406	429	
14412	385	
2170	446	
9770	26	
6005	58	
3225	6	
21796	389	
8955	82	
9374	62	134	232	238	
8958	264	
21580	121	
9175	44	
9176	95	
21389	142	251	291	
21990	297	
3421	375	
16659	257	
16449	386	
9827	117	
6821	35	
19590	174	
6265	168	356	
11390	202	
16443	167	
20203	259	
3050	89	299	
19583	237	
509	49	139	490	
8977	489	
12822	36	265	
19393	184	
13582	492	
8978	293	
13303	122	
508	14	
9390	203	
11388	13	141	
15306	51	
16436	334	353	
3450	330	382	
500	24	341	416	
9118	73	
6249	184	
11382	182	249	282	432	
12416	420	
8980	481	
21321	103	
3647	67	
18557	244	
4706	302	
11379	177	
11372	151	259	
3458	311	418	
2529	205	393	443	445	
9126	282	432	
14456	333	
22545	153	
3077	480	
19370	356	
19373	370	
21759	197	
4713	392	
11366	137	
20217	135	301	
6038	70	
14466	232	
13320	119	
2530	74	
6620	330	
15729	2	
21104	189	280	369	
4614	303	
6212	485	
6615	402	
19745	451	
5745	288	
5744	299	
5743	80	
11869	8	
1584	164	
11479	195	
23128	181	
5753	298	
22792	300	314	
13602	73	
10328	277	
13608	218	440	
18483	98	
3946	35	
4635	475	
7729	393	
13404	111	
7722	64	
18477	462	
17671	433	
23108	49	
11838	331	
21930	293	
13624	189	369	486	
9074	99	155	218	314	388	
10385	64	252	
21280	292	
4846	302	
19519	26	
4462	475	
21298	313	
23161	282	
15777	313	
13632	16	
9063	306	
18770	358	
18250	105	
2470	192	
11435	465	
17659	380	
21124	262	
3705	290	
22497	300	
9093	24	
15787	2	216	
18766	192	
3984	79	363	
4467	390	
7085	337	
7086	58	
15509	53	
17622	54	274	
4056	224	
4863	121	
21940	62	134	180	
2488	240	
13657	119	
11418	26	
9726	189	280	
2494	118	
4060	25	
16097	114	
18237	157	296	
11411	127	265	
4281	3	
16080	40	460	
7538	35	
16084	131	
7539	44	
1393	83	344	
4410	374	
6419	246	477	
22086	339	
8527	465	
17165	357	475	
16860	226	
22984	491	
14011	151	
6698	80	
7514	9	
14008	16	
14934	95	
16063	268	449	
14947	297	
391	383	484	
390	33	36	109	122	207	215	227	258	419	452	461	
4435	357	
4433	194	352	
18004	304	468	
14944	384	
12187	40	
1399	162	
10123	13	155	
399	370	
15568	24	
383	421	
381	74	82	196	262	351	427	467	487	
8579	447	
389	473	
8775	386	
387	3	
16810	7	269	
18703	27	
16031	8	
5795	62	
370	321	
373	6	28	60	283	292	305	332	349	371	397	407	425	481	
7314	462	
18984	152	
18982	97	193	
378	218	
5979	269	
22748	336	
374	346	422	
5598	477	
5786	88	494	
10107	260	
8590	461	
11699	345	
22957	196	
361	275	307	
362	410	428	
5385	459	
364	208	
363	175	221	
22757	18	
20619	261	
11692	194	
20617	381	
16015	476	
17427	373	
5197	337	
22965	278	
350	10	138	
351	340	
355	5	
354	56	293	
5998	197	
18966	295	359	364	415	
359	100	
17839	108	
14034	26	
7209	153	
2005	33	
20577	398	
159	85	
11481	53	
156	163	
20181	185	
152	20	212	
151	111	164	335	
13857	251	
13858	186	
12992	112	
2853	339	
2856	63	
2200	277	317	318	
2221	148	
7483	29	48	272	361	
200	209	448	
208	38	424	
167	58	
409	142	251	291	
161	16	
8311	471	
12717	138	
162	239	
408	392	
164	491	
160	190	
400	110	
402	97	193	328	347	
21625	54	274	
7201	52	
14356	473	
3597	217	
212	413	
14151	11	69	
20554	199	
210	341	416	
14153	3	
179	481	
14566	61	270	414	472	
218	332	481	
415	446	
174	261	323	
1709	453	
419	404	
8859	175	
6744	345	
628	119	
8857	253	
411	326	
223	78	392	393	443	
21404	89	
817	153	
226	34	250	383	445	481	489	
20560	60	
227	192	
228	203	
229	67	103	200	306	491	
20355	69	104	267	451	
427	197	
10603	292	383	435	463	484	
20769	178	
182	166	235	283	376	377	434	
184	243	
22002	261	323	
14550	343	
421	209	
14759	153	
423	193	318	
424	494	
15225	126	
20534	298	
5919	23	171	275	
112	14	
113	317	
110	441	
20532	37	
118	335	
119	101	
436	160	
13894	244	
9205	400	474	
432	165	229	355	
430	141	176	218	249	281	388	
10651	230	
13002	379	
439	146	216	395	
438	137	
3101	184	
121	427	438	487	
3396	64	252	
3393	14	
129	219	412	
444	31	257	343	
7438	310	
446	162	
440	442	
441	283	371	
442	226	
443	108	174	402	480	
10660	71	
13882	273	
20131	334	
448	413	
13288	287	322	
449	412	
6195	240	
134	106	
13271	71	
136	201	
7477	367	411	
20510	390	
450	3	
2880	43	129	344	
453	403	457	
21657	200	
17366	493	
16119	381	
130	70	463	
8341	190	
145	111	164	335	
461	447	
5902	112	
462	243	328	406	
14127	78	
3366	18	
466	442	
6799	85	
469	235	376	
20115	391	
21642	347	
142	87	147	245	253	350	428	
9466	1	
687	31	
2091	176	
13256	191	
10696	17	290	
19978	242	
21171	351	478	487	
2649	235	376	
3538	485	
16547	196	
19970	406	
2290	114	
8398	126	
6151	266	
9251	136	
4190	288	
9255	8	
19965	94	95	
7289	87	138	239	337	350	410	453	
13059	303	
3547	162	
14305	251	
19681	20	
9057	300	
16538	178	
7693	328	
7695	201	
3144	183	374	
7698	34	
3127	241	
9625	407	
6189	146	
21192	250	
22201	85	
16364	240	356	
19023	165	229	
3320	28	
9025	42	
10175	277	
4173	398	
1773	30	
13037	75	
9239	373	
18305	141	
3329	55	202	
11023	110	
19982	97	
19981	373	
11029	421	
8170	124	
19428	216	
19030	439	
6721	255	
2054	127	
16581	57	
19246	495	
2056	6	
1761	473	
19935	441	
195	71	135	188	289	301	333	373	384	488	
3782	74	
12952	429	
190	156	232	427	438	
2814	49	139	
192	182	282	300	314	332	432	
12303	72	
6927	221	
2404	299	
199	37	40	172	326	334	408	
15715	31	
2400	29	
19651	257	
9698	354	
16588	450	
22211	101	
11041	76	
2061	489	
9400	103	
21877	1	180	
8150	476	
6145	332	
660	56	
19672	380	
1543	97	347	
14318	152	
1547	307	
21852	141	
657	90	
11269	173	
6710	204	
652	175	
21854	116	
14595	340	
11978	54	
11976	448	
9943	387	
16310	164	
6913	406	
19940	84	120	
21447	319	
21201	382	436	
12219	107	
4799	340	
10209	188	289	384	488	
1090	159	449	
17781	122	
35	207	397	
4394	421	
36	75	208	212	410	453	
33	169	170	
15622	136	
37	144	379	
11327	458	
12012	208	
43	158	159	
18645	118	
1480	368	
11324	40	
1482	258	419	452	461	
18358	319	
5646	154	259	
22	227	325	
1086	173	
18835	87	147	148	
15437	206	
15434	261	323	
10478	287	
17991	100	
15609	53	
12456	71	
11340	173	
4777	87	148	302	
12455	132	
17	402	
2317	12	218	
1077	495	
15	113	
15603	86	
15402	27	
9194	329	
2598	325	
18862	112	
19624	275	366	
9992	68	
9991	23	
1467	396	
1466	194	241	287	322	330	352	382	436	
4766	243	
18858	385	
7622	45	
18657	316	
15416	42	
78	64	252	
77	262	351	381	427	467	478	
16376	91	
17740	156	348	
3622	213	
17748	224	
2380	250	
86	189	280	
85	157	243	296	328	406	
67	286	399	
66	208	212	
10235	389	
3812	159	468	
11903	200	491	
4366	291	
11904	496	
3813	39	115	400	
21257	21	
22181	390	
70	88	
71	154	348	
72	230	368	
73	260	366	
74	103	305	306	445	
7636	59	
16775	158	468	
15642	375	
12277	460	
58	349	425	
57	423	
55	444	
11717	142	
18148	46	
11516	370	
11511	315	
10465	19	
62	339	
11512	380	
22893	385	
16771	33	
60	77	
18141	418	
2555	91	
61	333	
48	51	102	
2550	362	
45	450	
47	403	
11117	85	
4725	198	
51	435	
12006	165	229	
4529	77	
4335	358	
22874	77	
280	109	150	258	398	
5022	26	
485	440	
285	116	
488	118	
282	198	
288	483	
286	157	296	
15289	122	
287	178	
5841	291	
482	168	240	278	356	
483	169	170	
481	6	
20892	321	
478	303	325	
275	147	
276	81	203	232	
277	187	215	419	
22603	200	
471	9	403	
16767	209	
5419	11	104	205	267	474	
11554	53	
16930	72	189	280	369	
6302	54	
20882	390	
11551	12	281	
17723	392	
13789	140	
1915	273	
15891	288	
5042	387	
15895	237	
10016	125	327	
5824	86	
109	329	
108	460	
107	187	215	303	452	
106	2	51	102	302	303	304	396	
16733	252	
16165	241	
6587	168	
1268	104	267	
101	156	348	
17532	95	
100	331	429	
97	95	431	
2396	42	
17528	66	249	440	
2391	478	
91	127	151	154	166	184	235	259	265	273	283	336	344	371	376	377	400	431	434	464	474	
17733	130	231	233	
22867	68	
295	76	201	211	448	
496	298	465	489	
292	186	
1925	30	473	
497	442	443	
491	313	
492	380	
494	62	134	203	232	238	407	408	
297	420	
4571	212	
16742	252	
5433	336	
1936	226	
5891	302	
22838	91	
240	465	
241	242	
1252	146	
17557	89	
1250	227	
16994	40	
7118	112	256	394	440	
17551	53	
5488	239	
6316	279	
6315	437	
5887	122	
245	113	444	
5885	353	
242	484	
249	45	
5075	1	
11569	77	
15052	91	
230	1	62	74	91	134	156	180	196	232	238	250	427	438	487	
20734	330	
239	27	345	
15476	274	
20729	78	
231	1	86	181	
5273	394	
234	379	
233	12	13	99	141	155	176	218	249	281	300	314	388	439	
5878	493	
235	53	86	153	181	283	371	431	
18398	395	
237	238	
14838	245	
1029	41	
6340	130	233	409	
15446	442	
5458	33	
1032	375	
11799	73	
20070	423	
6541	430	
8892	99	
5869	359	
17019	146	
5288	424	
251	11	178	205	393	443	
252	83	150	258	344	464	
5097	139	
17971	273	
22827	396	
20717	139	
257	423	
254	80	
253	343	
256	440	
