3
4
6
7
8
9
10
11
13
14
15
16
17
18
19
20
22
23
24
25
26
27
28
29
31
32
33
34
35
36
38
39
40
41
43
44
45
47
49
50
51
55
56
57
58
60
61
62
63
64
65
66
67
70
71
72
74
75
76
77
79
81
84
87
88
89
90
93
94
99
100
102
103
106
108
110
112
113
114
115
116
117
118
119
120
121
129
131
132
134
135
136
137
138
139
143
146
147
149
151
154
155
158
159
160
164
165
166
167
168
170
175
177
178
179
180
181
182
183
184
185
190
191
194
195
196
197
199
200
201
204
206
207
212
213
216
218
220
222
223
224
225
226
227
230
231
235
236
237
238
239
241
242
243
244
245
246
248
251
254
255
256
257
258
259
261
262
263
265
267
269
270
271
273
274
275
279
280
281
283
288
289
290
293
294
296
298
299
300
301
302
303
304
305
307
309
310
312
313
314
315
317
318
319
320
321
322
324
325
326
327
329
330
331
332
333
335
336
337
339
342
344
345
346
347
350
351
352
353
355
356
358
359
360
361
362
368
370
371
372
373
374
375
376
377
378
379
380
381
382
384
385
391
395
399
400
402
403
404
405
407
409
412
413
414
417
418
419
420
421
423
424
425
428
430
431
438
440
441
443
447
448
450
451
452
453
455
456
457
458
459
460
461
462
464
465
467
468
471
472
475
479
481
482
483
484
485
486
487
489
490
491
492
494
495
496
498
499
501
502
503
507
511
513
514
516
519
520
521
523
524
525
526
528
529
530
531
533
534
535
539
540
541
542
543
544
545
547
549
550
