97 371
97 2
97 32
160 30
160 182
160 24
184 411
184 74
184 96
92 1
92 42
92 15
113 547
113 417
113 3
130 82
130 68
130 420
135 547
135 9
135 4
161 317
161 350
161 22
229 189
229 533
229 434
323 385
323 58
323 163
325 308
325 5
325 451
328 317
328 8
328 26
389 145
389 38
389 233
390 164
390 461
390 81
395 442
395 470
395 6
429 329
429 75
429 33
440 394
440 68
440 53
455 334
455 13
455 25
481 30
481 47
481 63
485 428
485 467
485 43
3 87
3 43
3 60
4 317
4 36
4 64
20 329
20 134
20 66
42 189
42 16
42 96
52 475
52 350
52 417
60 321
60 249
60 7
66 197
66 350
66 97
69 385
69 282
69 12
74 329
74 136
74 444
90 545
90 420
90 17
128 313
128 430
128 231
140 1
140 173
140 225
144 452
144 29
144 65
154 411
154 451
154 118
156 171
156 288
156 40
182 136
182 24
182 255
196 317
196 125
196 19
198 164
198 400
198 183
218 233
218 315
218 101
235 394
235 142
235 21
244 411
244 72
244 434
254 268
254 255
254 44
273 263
273 64
273 170
281 475
281 91
281 276
313 170
313 349
313 43
316 31
316 213
316 85
321 388
321 28
321 534
327 68
327 178
327 455
342 308
342 270
342 333
372 313
372 280
372 27
373 321
373 184
373 546
383 46
383 80
383 278
384 371
384 56
384 34
402 189
402 155
402 533
411 452
411 430
411 35
416 313
416 461
416 41
420 422
420 182
420 1
422 58
422 159
422 350
464 442
464 294
464 372
491 411
491 51
491 434
14 26
14 24
14 48
16 46
16 242
16 57
22 313
22 182
22 296
28 83
28 171
28 61
32 411
32 96
32 62
33 417
33 251
33 398
36 64
36 1
36 71
45 475
45 75
45 99
48 1
48 260
48 22
49 136
49 42
49 434
55 547
55 77
55 79
57 428
57 102
57 542
64 197
64 420
64 92
70 33
70 470
70 284
75 164
75 400
75 93
80 443
80 451
80 395
81 385
81 370
81 95
84 22
84 16
84 134
87 442
87 448
87 231
93 68
93 463
93 8
98 317
98 129
98 98
105 99
105 233
105 100
108 329
108 113
108 280
120 417
120 294
120 103
122 442
122 461
122 104
127 142
127 437
127 524
136 58
136 321
136 74
141 366
141 5
141 221
143 371
143 106
143 108
158 451
158 43
158 444
165 308
165 533
165 109
176 15
176 428
176 96
178 64
178 340
178 249
180 329
180 191
180 110
199 271
199 257
199 134
201 136
201 110
201 455
216 24
216 428
216 111
230 394
230 157
230 114
242 26
242 215
242 122
243 185
243 190
243 124
250 335
250 225
250 13
252 475
252 40
252 255
261 385
261 163
261 126
262 356
262 177
262 546
263 283
263 237
263 420
264 276
264 63
264 128
269 242
269 133
269 231
277 289
277 64
277 340
280 68
280 58
280 542
296 82
296 87
296 132
301 343
301 96
301 137
319 205
319 33
319 400
333 162
333 430
333 251
344 533
344 6
344 295
348 101
348 140
348 208
355 46
355 467
355 147
358 499
358 13
358 417
359 183
359 234
359 282
363 394
363 340
363 150
368 547
368 441
368 151
369 350
369 349
369 156
371 75
371 228
371 325
377 442
377 310
377 158
388 97
388 420
388 85
393 377
393 180
393 534
403 33
403 181
403 176
408 428
408 217
408 17
424 242
424 207
424 8
427 452
427 298
427 188
428 26
428 15
428 451
434 22
434 524
434 280
435 200
435 38
435 434
437 307
437 545
437 444
439 25
439 233
439 192
443 321
443 358
443 193
446 189
446 7
446 159
459 385
459 206
459 194
461 136
461 468
461 284
462 95
462 15
462 195
469 145
469 162
469 257
474 3
474 196
474 255
479 82
479 15
479 510
487 371
487 236
487 13
490 360
490 407
490 370
493 334
493 514
493 29
495 432
495 33
495 249
496 30
496 63
496 533
1 22
1 58
1 294
5 470
5 171
5 198
6 456
6 2
6 199
8 424
8 274
8 216
9 283
9 24
9 2
11 422
11 182
11 218
13 31
13 40
13 2
15 47
15 330
15 446
19 391
19 28
19 333
23 394
23 223
23 226
27 43
27 25
27 455
31 95
31 311
31 230
34 461
34 282
34 235
41 322
41 265
41 74
53 26
53 13
53 367
58 353
58 125
58 243
59 200
59 79
59 400
61 400
61 42
61 134
63 30
63 264
63 246
65 475
65 40
65 2
71 81
71 145
71 250
73 351
73 6
73 375
76 473
76 312
76 231
88 6
88 132
88 542
91 6
91 80
91 398
95 87
95 269
95 85
102 159
102 25
102 395
103 4
103 444
103 3
104 366
104 258
104 163
107 178
107 292
107 280
109 408
109 40
109 3
116 29
116 170
116 254
117 99
117 125
117 281
121 221
121 375
121 257
125 371
125 25
125 455
126 547
126 332
126 287
129 430
129 38
129 507
132 298
132 8
132 251
133 315
133 63
133 542
137 35
137 519
137 294
146 200
146 535
146 299
149 399
149 228
149 3
151 502
151 79
151 255
153 99
153 516
153 134
157 197
157 357
157 231
166 75
166 4
166 427
167 30
167 403
167 162
168 545
168 363
168 300
175 35
175 42
175 284
177 313
177 314
177 9
183 35
183 63
183 280
190 422
190 125
190 305
192 308
192 470
192 306
194 513
194 444
194 4
197 427
197 17
197 294
200 75
200 473
200 318
204 60
204 543
204 323
205 42
205 182
205 85
206 38
206 469
206 4
208 282
208 111
208 217
209 436
209 200
209 342
211 321
211 380
211 271
213 159
213 379
213 260
214 387
214 467
214 5
217 82
217 205
217 510
219 35
219 173
219 461
222 8
222 99
222 217
223 197
223 347
223 354
227 46
227 312
227 369
233 183
233 478
233 373
234 545
234 370
234 382
238 422
238 44
238 383
246 542
246 79
246 260
257 545
257 190
257 393
258 282
258 111
258 5
260 422
260 16
260 397
265 111
265 249
265 5
266 372
266 455
266 401
267 9
267 65
267 524
268 430
268 415
268 409
270 17
270 450
270 7
271 263
271 79
271 322
272 7
272 125
272 251
282 110
282 295
282 234
283 360
283 162
283 284
284 274
284 367
284 7
286 82
286 425
286 546
289 98
289 155
289 74
290 74
290 183
290 418
291 456
291 448
291 423
292 479
292 270
292 429
294 164
294 111
294 370
295 197
295 9
295 12
307 544
307 278
307 9
312 56
312 464
312 431
314 233
314 97
314 439
318 71
318 249
318 118
320 47
320 65
320 12
335 189
335 12
335 440
336 452
336 221
336 445
343 155
343 333
343 447
345 46
345 12
345 453
346 85
346 524
346 460
350 159
350 472
350 466
351 377
351 32
351 276
356 142
356 21
356 251
357 388
357 335
357 471
365 213
365 36
365 16
370 66
370 142
370 284
375 132
375 407
375 474
376 395
376 142
376 370
382 27
382 32
382 524
385 29
385 469
385 16
386 467
386 534
386 476
401 289
401 178
401 477
404 164
404 295
404 17
406 103
406 162
406 19
412 467
412 276
412 482
415 34
415 215
415 446
418 171
418 36
418 515
419 34
419 534
419 484
430 87
430 34
430 546
432 283
432 506
432 489
442 19
442 36
442 265
449 21
449 34
449 463
457 132
457 356
457 448
460 506
460 108
460 150
463 19
463 437
463 21
466 388
466 53
466 163
468 44
468 205
468 510
472 200
472 19
472 492
475 436
475 236
475 340
478 27
478 340
478 21
480 132
480 27
480 500
482 511
482 268
482 27
483 534
483 92
483 104
494 283
494 171
494 501
7 242
7 512
7 518
10 448
10 28
10 520
12 38
12 315
12 260
17 95
17 113
17 523
18 51
18 271
18 525
26 113
26 271
26 526
35 271
35 536
35 28
37 395
37 28
37 527
40 310
40 221
40 528
43 499
43 367
43 29
46 436
46 31
46 529
47 468
47 276
47 31
51 205
51 93
51 470
56 353
56 363
56 531
62 295
62 443
62 539
67 242
67 548
67 550
72 263
72 330
72 41
78 60
78 177
78 31
82 360
82 427
82 48
86 295
86 32
86 57
89 61
89 72
89 288
94 473
94 424
94 62
99 439
99 298
99 32
112 452
112 77
112 83
118 71
118 92
118 36
119 228
119 41
119 91
138 44
138 151
138 446
139 499
139 41
139 100
142 432
142 184
142 102
145 270
145 41
145 106
147 228
147 367
147 109
148 502
148 53
148 44
150 145
150 325
150 516
155 72
155 315
155 47
162 263
162 333
162 47
164 215
164 122
164 114
169 51
169 48
169 124
170 95
170 157
170 48
171 427
171 48
171 126
174 395
174 51
174 128
181 367
181 170
181 51
186 473
186 312
186 129
189 60
189 196
189 441
191 180
191 72
191 53
195 72
195 514
195 463
202 92
202 97
202 53
203 250
203 237
203 133
210 92
210 80
210 101
212 351
212 199
212 137
215 298
215 469
215 56
221 205
221 269
221 398
225 424
225 372
225 140
226 173
226 56
226 147
228 87
228 254
228 546
231 191
231 156
231 56
239 185
239 57
239 158
240 432
240 57
240 176
241 221
241 61
241 57
247 61
247 257
247 60
249 254
249 113
249 61
253 101
253 333
253 181
255 469
255 188
255 62
256 184
256 170
256 62
259 468
259 315
259 192
275 254
275 113
275 62
278 254
278 173
278 65
287 216
287 194
287 446
297 283
297 65
297 193
299 101
299 513
299 195
302 278
302 66
302 198
305 443
305 307
305 206
308 80
308 118
308 446
309 218
309 463
309 66
311 83
311 66
311 207
315 185
315 437
315 71
322 330
322 208
322 510
329 347
329 281
329 223
330 97
330 450
330 226
331 292
331 83
331 427
332 296
332 357
332 230
340 448
340 71
340 235
341 299
341 91
341 77
349 173
349 98
349 77
352 296
352 217
352 77
361 307
361 80
361 243
364 305
364 190
364 246
366 108
366 472
366 312
374 473
374 150
374 81
378 93
378 260
378 463
379 103
379 356
379 258
380 83
380 104
380 183
387 155
387 81
387 91
391 369
391 379
391 264
396 81
396 91
396 287
397 515
397 342
397 300
405 102
405 93
405 306
409 298
409 513
409 311
410 145
410 93
410 314
413 263
413 98
413 318
417 334
417 403
417 323
421 387
421 98
421 332
423 151
423 358
423 100
425 191
425 469
425 100
431 163
431 380
431 536
433 103
433 441
433 100
436 190
436 102
436 343
438 270
438 399
438 354
448 118
448 106
448 408
450 373
450 507
450 102
451 228
451 312
451 103
454 118
454 358
454 382
458 151
458 431
458 383
465 499
465 510
465 104
470 215
470 288
470 391
471 199
471 363
471 104
486 372
486 106
486 393
2 151
2 106
2 397
21 177
21 108
21 401
24 108
24 356
24 109
25 322
25 109
25 409
29 289
29 415
29 418
30 479
30 519
30 423
39 372
39 425
39 429
44 536
44 109
44 440
50 407
50 110
50 445
54 110
54 274
54 114
77 114
77 122
77 447
79 181
79 114
79 453
83 250
83 122
83 460
85 129
85 122
85 464
100 436
100 124
100 466
101 177
101 124
101 471
106 155
106 237
106 398
111 129
111 124
111 474
124 191
124 126
124 476
131 292
131 516
131 477
159 196
159 398
159 478
172 484
172 126
172 482
185 437
185 126
185 489
188 180
188 441
188 492
193 129
193 150
193 128
220 308
220 192
220 500
224 128
224 501
224 511
232 424
232 512
232 518
236 525
236 453
236 520
237 330
237 529
237 523
245 325
245 128
245 526
248 133
248 527
248 528
251 157
251 133
251 531
279 274
279 133
279 535
285 199
285 269
285 539
288 349
288 377
288 543
293 443
293 137
293 544
298 208
298 137
298 548
304 137
304 550
304 140
306 184
306 147
306 156
310 181
310 140
310 158
324 450
324 437
324 176
334 391
334 380
334 188
337 307
337 456
337 193
338 264
338 198
338 194
339 147
339 218
339 140
347 307
347 195
347 206
362 499
362 363
362 207
367 310
367 147
367 213
381 225
381 432
381 216
398 156
398 150
398 223
400 184
400 393
400 226
407 156
407 230
407 234
414 514
414 441
414 157
441 353
441 418
441 235
447 196
447 157
447 236
453 436
453 158
453 243
467 213
467 158
467 246
473 375
473 443
473 258
476 335
476 351
476 265
477 223
477 176
477 268
488 180
488 502
488 281
489 387
489 287
489 299
68 207
68 176
68 300
96 180
96 177
96 305
110 369
110 306
110 311
114 468
114 314
114 318
115 178
115 323
115 332
123 181
123 178
123 342
134 217
134 185
134 343
152 479
152 347
152 354
163 492
163 357
163 366
173 191
173 185
173 373
179 288
179 379
179 382
207 188
207 383
207 397
274 199
274 265
274 399
276 325
276 401
276 403
303 349
303 188
303 408
317 208
317 409
317 415
326 472
326 423
326 425
354 288
354 190
354 429
392 464
392 431
392 439
394 195
394 192
394 440
399 195
399 192
399 445
426 193
426 447
426 460
444 349
444 193
444 466
445 511
445 471
445 474
452 264
452 476
452 477
456 325
456 194
456 478
484 525
484 482
484 484
492 208
492 502
492 489
38 512
38 500
38 501
187 194
187 506
187 507
300 237
300 515
300 518
353 523
353 519
353 520
360 535
360 526
360 527
