15193
5165
998
7122
16213
14894
2151
4859
19087
1192
13283
16386
9701
5316
22613
16387
12798
10828
16620
8577
1264
16495
22302
8040
16
11123
11699
10050
1391
7166
11481
14323
10521
4424
19774
15132
12113
10176
4147
23147
10781
16411
21691
5317
11808
20406
20201
19104
18061
19171
14850
4274
10560
8317
18224
6047
14997
20375
8818
11045
23184
13894
5880
14114
7304
19771
239
524
18736
16815
8754
13336
85
15147
13716
8792
15365
14216
22245
7358
6314
1208
9409
3470
9663
11568
12506
9400
17162
3448
16308
15090
8003
658
73
3526
13275
12117
21862
21759
13256
19955
16286
12972
18781
10740
3856
6465
17411
10629
2331
21312
728
9418
11928
5727
6568
8564
7157
19439
5557
13580
21331
19942
49
2265
57
10053
5430
6478
3
11296
10798
20128
21314
17985
21314
7824
4933
8087
2903
10104
16577
22955
19412
20465
1919
7388
50
7477
22115
6660
22176
22176
17844
21798
1831
14286
4518
10131
3495
14281
14509
19022
419
1035
13799
1431
8006
14199
7591
18682
20345
16828
333
12873
1065
9382
17037
20938
16279
3309
12949
310
13349
21396
8688
5894
18365
18586
18451
2385
3229
22321
18153
18250
7533
8187
3428
3851
15524
12104
9792
7631
16452
14064
5443
6993
5591
22679
3916
15434
8431
12964
8824
3565
16199
11432
11071
11266
12638
1211
10084
11987
21032
16890
19219
11754
8762
9220
103
10588
4441
13547
3084
12466
4441
17039
9153
15971
16206
8621
19780
8731
11519
20354
4932
5647
5511
301
17905
4695
8109
4114
9384
13967
4656
14577
9332
8211
3392
11137
11359
4458
20782
14825
2787
8978
16335
21643
20944
467
14633
20482
6259
5479
15763
17800
18212
14462
13796
1628
8503
7297
11956
16076
132
17830
