8880
13256
504
2621
14682
14092
23184
12770
19219
15302
16531
2880
12949
18940
13313
3475
19780
1393
9698
344
4034
528
2888
4795
13880
5442
2542
7120
21387
16187
300
16775
3597
4443
13285
13266
18393
16206
21389
287
21616
1263
2705
5632
15330
43
1972
18019
5609
20355
9254
14323
4602
4800
19942
6316
12470
23123
18780
402
12502
10031
13257
15853
1429
20355
18224
1090
13505
14413
4424
12497
14566
1032
11295
8678
7689
7120
77
17264
13399
8143
11422
14120
5149
521
8398
22873
986
21999
8581
16546
14920
4831
7920
20230
15193
8821
14633
5417
17492
74
19517
2010
13327
3450
52
10694
345
531
9789
9311
23131
22822
11886
20942
2402
81
11732
9339
4034
