4200
14090
13961
8880
16628
18015
14683
9835
12993
2833
4472
10531
15828
10450
5963
18940
12074
12888
15215
349
970
14413
21383
7120
12811
11545
883
17032
12254
19608
950
19589
20734
18636
4133
8178
15962
16234
4677
4298
3580
9246
4795
19114
3512
15193
16276
22500
21796
18100
21778
8498
12390
7580
19816
17510
11188
11628
2462
11081
15303
17210
18822
22347
12354
10100
21801
17816
97
3346
15331
21185
6375
10454
12487
5385
4777
7300
13303
127
17824
15215
349
970
2912
206
11918
8436
18747
15048
3669
15246
18250
15246
3574
19045
18916
7733
15260
7481
20403
4997
11874
19174
17199
1450
18110
11009
2525
22434
22361
231
6475
14220
8436
