7607
9776
1973
18940
2028
15535
17157
12426
349
5
20128
16449
22822
23131
3706
12868
15747
3366
5044
19990
13590
13924
18636
15848
14505
19415
2117
3010
5109
4568
18688
22672
497
10890
17824
17705
425
20819
2518
14668
4481
15788
20770
2277
13196
19340
21460
15879
18168
13521
5805
17905
1816
7
11753
13234
19652
11753
97
11305
17464
7073
21185
1208
129
9008
23111
20317
11435
14466
22473
13329
14020
20074
675
19928
287
9774
20380
6360
892
1543
11195
1990
6617
6211
15988
17264
19202
11741
14528
21489
1153
15401
16402
17784
2200
14092
10431
3
297
11452
19746
19971
12385
1881
15951
18873
2621
14519
17322
19799
13146
91
505
10059
528
1110
5347
17016
21539
2748
21379
15093
14760
21843
787
8296
19617
3837
7092
18
16746
9118
21391
502
22245
9756
10724
16933
7118
12868
15747
3366
5044
19990
13590
