2218
348
10279
6348
15716
4777
4846
373
91
4796
19563
230
127
383
7826
539
10828
4320
6900
17975
6563
14632
3151
8744
137
7611
19442
19754
309
74
14373
10605
18674
243
12306
6401
3509
23211
15129
16720
7607
1143
9275
18404
8659
497
17811
15796
17300
8767
14185
1211
5890
20051
3429
4767
508
112
15857
13342
18658
941
7990
1180
14713
4916
15289
21456
53
9871
17157
15853
17119
1263
19858
5
16854
10142
10788
1494
15214
13054
20940
21773
19889
349
325
2822
13685
1867
1269
9382
20526
29
12123
2330
8656
5702
14610
7138
15848
7118
2128
4038
390
179
129
10467
3162
20432
351
18586
16932
8118
86
4175
121
17491
13329
13263
13259
14032
517
14651
7271
12426
4071
18205
19205
2458
19639
403
13138
180
19415
285
3176
5729
21192
4481
2315
2646
83
75
18822
1930
40
14660
4483
14920
18826
5206
15988
19572
15313
2350
2589
11543
729
3943
10383
198
4755
11129
15169
14082
20718
62
11115
19281
4032
4086
19384
7116
18432
15303
8578
5177
305
2057
21458
7376
995
19078
20337
17173
2472
20374
5466
4318
9091
8660
2028
3626
1724
20431
20375
15737
9246
16713
9973
19156
4595
1482
292
207
20206
15879
23148
10267
12314
6297
18137
4970
16104
1543
21212
18530
2704
392
20586
17844
22032
503
7690
21789
2587
19111
15590
9103
12390
19554
15785
19610
2624
21801
13271
4915
8618
18110
16300
576
9905
15921
16592
17093
22824
4684
15902
486
19608
4845
20694
16502
21917
3558
22
5887
8426
10446
22499
16102
2168
11192
13858
17847
8094
6644
6441
497
17811
15796
17300
8767
14185
1211
5890
20051
3429
4767
508
