22763
9688
7364
339
4741
19152
9781
23148
6901
2786
14566
9221
16628
5347
4909
4846
19152
18412
15022
15094
8011
12936
9058
16276
3114
333
5245
6383
10050
1767
11284
12491
5483
10137
1313
6433
502
12862
10101
22539
6325
18250
52
17688
16933
20752
469
21637
134
4966
1105
246
4795
12907
9755
18565
10147
20970
13266
12986
10105
23207
10812
2029
17142
19623
4474
22898
15740
16199
20317
13800
15503
15162
16107
10724
2250
96
5112
16092
775
15059
390
18530
10618
4893
22447
15436
2021
20391
6469
11341
2786
14566
9221
