230
13776
373
171
7289
74
91
19451
14566
387
127
15796
226
401
179
15951
443
4281
103
342
7118
310
7714
241
7481
65
7090
700
57
471
12424
363
170
15838
83
439
22032
22069
16808
11212
7611
482
243
6900
192
4397
14887
14994
5720
455
518
520
19183
11053
151
152
37
4777
4437
16432
8397
341
296
3214
12996
18404
334
838
424
383
118
4921
5551
16987
295
1837
22430
496
18393
384
547
10567
391
1096
164
12774
2687
17583
6532
18093
12006
6309
13953
494
5919
36
441
7662
6744
540
47
4644
21352
15434
239
389
996
13716
288
404
13747
229
3422
132
188
362
7869
2323
2918
4101
515
19548
169
6348
448
490
11699
80
29
13753
263
20219
5979
1925
124
426
8150
18036
354
11
7431
5116
355
45
21755
17975
474
12710
13402
10542
242
5272
19583
14851
1773
267
16773
3296
16189
137
17737
175
529
268
261
294
2335
23161
7408
382
2290
7329
5525
539
405
462
16598
9819
19332
15049
351
16928
8800
6342
16113
4044
15659
16031
16238
413
1854
20069
21414
14094
309
163
446
19339
8863
73
445
306
21990
8712
533
19700
544
12327
8562
18387
15289
5383
8038
2970
21930
10013
22928
489
14683
16960
3442
345
6169
16810
6993
3547
10132
5548
1375
8524
4725
21458
181
7386
15961
3797
13271
1086
767
6457
21264
18831
6314
18103
101
17201
3006
9255
1716
13362
11951
9220
4345
15946
19190
3354
11232
18723
5176
21465
246
10713
7444
9862
302
16417
13300
14008
10414
13163
14564
4641
5062
71
22986
2369
4781
7762
14318
1175
3619
5222
8211
12986
14021
6375
13853
3201
2381
4876
6594
1181
1411
11962
3843
14947
2675
531
20280
18930
15773
7856
4762
13117
9880
6608
8003
17131
9191
8157
17644
7286
18177
1729
9703
16916
19070
19255
17651
16962
1791
11373
14470
3626
16499
5123
2883
8623
4080
8310
691
17785
22103
22672
21321
9400
6071
21340
6633
16472
18411
21573
4448
12876
21957
4032
9691
13364
18886
18699
2553
21539
20000
8462
5372
12748
8065
5456
5491
455
518
520
19183
11053
151
152
37
4777
4437
16432
8397
