14460
13967
233
13285
11468
21945
212
15142
3883
7329
16733
16199
19246
19246
888
3996
22124
12316
13266
315
10050
9783
315
15946
14664
21447
73
14852
15802
12006
94
470
8615
18964
4034
16936
13011
92
19674
9609
12896
13313
4538
21946
11250
15021
11910
19190
1980
3912
18933
7424
14683
19178
402
78
17688
18240
13271
463
16519
7262
16082
18355
181
19246
10068
14887
6866
20251
2621
12491
21495
1996
19387
17454
7272
466
18951
19451
4512
430
282
22975
11466
8629
15187
269
5949
20967
4141
6309
8398
11039
19407
19541
6620
9390
4355
17548
2033
15434
129
428
508
7042
938
16933
11551
2748
21638
9450
21638
5383
10107
16191
2408
20417
2193
12009
10184
5512
23221
6060
429
18690
19388
4081
10059
842
18283
1594
11741
21668
528
20128
1543
21893
544
2247
18982
2381
2129
3450
7065
10163
20580
17431
13566
2978
6659
7157
13251
23123
464
22224
9393
3678
8929
13675
15946
14664
21447
73
14852
15802
