17443
10931
15864
17186
15142
11633
245
888
8615
1980
19246
5207
12896
94
8087
30
14188
21447
402
21945
10058
2654
233
1948
8170
16746
344
417
212
7329
401
20355
6990
4034
17168
12491
2856
148
485
17156
19674
11646
449
3912
20734
22667
21638
3771
19219
17272
4443
470
8136
18865
2267
10935
106
12895
13285
1437
323
18780
1231
505
11855
8526
1045
19745
14275
14482
21638
19537
13313
9479
12811
193
17077
14290
13266
9754
19565
6805
450
19524
9347
48
7065
16348
6391
6869
19942
21988
13675
19623
3639
20967
2888
13091
464
2529
9390
13446
7575
1575
18280
15569
19562
18733
158
13751
8145
13011
10184
15810
22231
22723
328
790
333
376
10139
7607
19041
22503
2442
11547
12890
14579
2832
19234
6319
8929
10137
20428
23207
62
7028
20782
23153
3678
21630
5735
21624
20938
15331
93
19898
18940
10147
19272
2814
2117
13547
15430
22216
18563
3190
3984
2654
233
1948
8170
16746
344
