7397
5177
9013
16163
4034
12663
14566
9698
6062
23184
9174
21321
5133
13562
13256
17272
3039
1131
10783
1633
16797
18581
18148
22175
12638
4795
14933
12240
13679
11138
2883
21622
11005
13967
19003
7692
18714
7510
3837
216
9679
19246
19133
8970
20289
19919
8503
9997
714
818
4437
8899
18296
10849
330
16030
10884
230
7986
19824
17234
21796
1211
989
16105
181
11599
6200
77
7384
1980
18021
16629
1799
295
19114
20128
15096
13844
11888
17032
12740
12749
19944
8478
10436
6727
22183
10416
1299
18217
7689
41
2275
8156
17604
4459
11907
7958
20068
10146
381
22988
224
1106
12455
8880
10108
10044
379
9725
20244
2530
7990
14056
8103
22611
136
3782
7386
19882
486
4975
5137
17272
3039
1131
10783
1633
16797
