20219
15137
16808
2856
34
19640
16662
18780
19532
207
482
17264
21104
4176
19518
18448
21830
7862
13624
494
2455
5222
13949
16930
3593
7504
21378
235
1915
13256
14751
6622
11072
107
4725
18636
11489
20181
363
18628
21833
12578
17693
19609
91
14566
267
5752
6927
15255
9864
20884
20952
4932
372
18705
9726
86
7601
14717
7899
13199
16819
384
15209
8426
9409
14043
230
9973
14275
13117
21671
20315
10416
1105
21855
4909
16740
6714
11047
12960
106
2231
10323
11427
11051
17651
11623
18138
8468
8491
282
708
11364
15138
21762
17534
887
4570
22778
18118
15396
7556
373
12824
2275
7271
11870
14498
285
16955
22988
4415
5043
8397
4713
14930
21379
19716
11441
1115
21339
16947
10677
3648
6324
20115
18448
21830
7862
13624
