21456
4438
11176
1762
6486
12032
1136
16411
9856
17283
14921
6083
19451
4038
2609
11206
18404
22537
345
548
11175
19219
7696
6419
17761
18720
1763
10042
21716
4846
20222
16881
3329
931
13335
1175
15918
14629
18580
4071
492
16238
8131
172
22658
20387
1923
148
2869
22938
11356
18873
11489
8117
21658
15430
16906
7158
21508
10455
5394
8436
9947
11473
13547
14610
1983
7537
10142
10408
7120
17346
10576
2994
4038
2609
15090
1063
18618
8702
19119
13425
22100
17037
6797
164
13879
14250
9087
16495
16717
21975
20938
3397
12007
21368
345
1916
12888
11123
15412
16987
19999
1157
16420
2369
14239
510
455
57
18181
2035
18546
17625
21781
7481
18612
22938
22752
333
6601
11489
14756
5881
3565
