14318
18448
15188
15919
19114
8497
18096
137
9561
10736
12556
22579
292
21830
10649
16219
2133
8602
5784
4145
19889
12456
2057
14008
8445
13968
59
11273
20379
21647
17529
5472
17447
19640
387
20000
4533
19111
3773
7560
4415
22812
12722
20537
16092
13022
438
17300
21052
7538
495
2218
9175
1575
521
3816
21833
5878
6924
21231
20686
1716
7901
9091
11558
19307
15909
22685
9590
17920
373
10915
2735
347
10618
19314
19098
2518
7519
9384
9238
300
19995
357
6398
3915
246
2136
519
5721
490
342
20018
7958
10146
11759
11485
3137
6139
20884
15317
22567
20316
18705
17336
4083
14307
772
392
18905
14023
10142
445
14008
20095
21743
22108
14402
51
511
17949
22752
13543
14617
6713
7752
4259
7342
7927
16870
13068
6639
17501
21171
2391
14059
20890
11870
103
77
21986
11267
5155
10738
10893
192
22624
22040
4397
13628
4710
11547
9752
2458
3360
19841
16219
2133
8602
5784
4145
19889
