466
181
8041
18690
268
3119
6419
10931
10279
19858
10905
390
198
477
4767
439
5919
14129
787
3920
230
18149
497
8767
120
15796
348
226
121
17166
15
18966
96
179
183
1143
103
351
18404
12294
191
2201
233
359
142
245
10477
15737
161
22723
13838
156
541
19256
774
10556
16409
486
503
174
73
5598
248
13052
76
12547
8659
11974
22975
223
197
9028
14715
14837
10605
10904
2303
5869
10410
13520
326
14887
21192
16288
13256
13574
6537
8615
12546
402
193
3883
21459
13716
8422
373
9329
4786
22240
8087
20526
13060
18603
11579
1782
19583
93
7289
10885
3143
14056
8422
362
403
19733
13590
6614
14679
3583
124
21946
18188
11996
5458
2888
15809
954
544
14858
3050
16416
505
21629
20439
11788
6329
7201
4848
10175
13764
3987
17991
22126
7359
13735
21624
1229
5385
11
1269
516
4845
6576
14804
20102
500
6866
14244
21600
20239
8857
11819
19246
7118
350
11657
10607
17761
4846
15434
7412
3467
6644
10644
14230
19889
9336
148
9093
10140
1246
18310
182
349
4893
8030
17177
22479
6948
14278
332
12066
21306
13954
429
12458
8097
21405
420
21089
10142
5905
6432
10059
7100
14122
3956
330
62
13146
250
17948
353
7607
6657
19961
20206
16519
9450
78
13329
7138
19219
8750
18079
15756
3706
9776
20967
9725
1733
12668
1607
3984
4827
9677
11095
5590
4930
19387
6637
11604
19674
18940
11708
14198
21777
21644
17462
13297
19098
75
5783
15568
16229
20819
15317
287
1716
447
21509
16443
6249
16941
11485
11039
22472
7788
21148
8194
22763
21795
20238
13489
17446
16113
1410
23158
7271
18404
12294
191
2201
233
359
142
245
10477
15737
161
22723
13838
156
