11131
16987
12006
7329
212
295
298
42
18172
15946
14235
220
16199
100
19148
4257
12316
5919
14633
13271
448
485
23184
1948
12445
17186
273
2963
344
8310
12638
312
13953
18886
446
13285
10050
13954
12693
3812
6421
14683
4921
150
19942
1280
16901
9722
5946
282
14323
470
301
245
15010
445
4762
4725
20355
20355
3843
19455
6059
2244
221
14998
18280
16733
256
16472
19647
12315
402
17528
55
16063
10510
1090
212
12425
8531
3805
230
888
22713
192
547
394
15326
14174
347
14852
7118
4864
13252
11250
1077
20280
195
181
324
73
3936
8148
14192
13011
8884
1972
13402
11843
10410
18089
11838
8702
15815
290
2215
19326
482
20115
383
11468
5267
2247
10684
12696
21357
18128
4499
43
1858
21759
12406
15955
446
13130
11382
6861
6316
3743
466
5876
25
5123
10480
4950
1391
31
6727
4458
10403
11466
3996
11269
5624
18442
363
4113
18205
19190
12091
18690
8367
2278
9880
7364
16507
3698
5165
18020
509
14151
22823
20205
528
15740
12402
12895
319
17077
10222
8679
3260
19541
8985
12514
20265
7013
8170
6783
8773
11855
18581
5208
14193
2676
15465
4435
14928
10593
8710
21982
1009
538
14851
330
1291
21148
19949
20069
6410
7547
947
1444
16464
9659
13551
7414
1816
17464
9757
323
690
20766
17084
7148
14669
1432
13205
8739
18794
16005
5780
7733
20952
14960
18940
12253
15701
20297
14683
4921
150
19942
1280
16901
9722
5946
282
14323
470
