19148
402
547
15946
9698
8087
450
12693
449
19647
23184
14664
8615
315
3050
20734
2654
550
17515
11436
488
359
19264
17427
12894
195
8143
1980
4034
16733
9176
429
14715
462
324
1543
8398
19965
363
18897
16775
12547
5744
19246
4950
15939
22823
3878
6927
21642
19935
508
8979
16427
482
16581
328
475
3260
10132
191
323
12896
22798
8136
119
13256
17464
18240
4933
19322
19158
67
528
73
19246
21026
3912
15434
15864
12428
16628
113
7954
7537
16746
97
3329
14848
505
112
9450
15740
9088
11855
21404
6805
17272
13620
5419
22872
10137
19246
2290
13716
4306
8160
1890
8664
7504
5609
16449
10593
6655
1618
10362
9479
956
4587
496
6620
22358
8170
6866
17186
10956
13492
19041
10391
330
17904
14230
22667
4777
238
7538
19190
4350
21424
4249
17532
20205
14416
7793
18987
127
91
6637
333
17590
11273
11017
495
16199
15813
10600
10410
7607
326
10537
349
14934
379
22100
16531
4589
518
10222
307
14344
19982
22124
22379
315
21622
18940
13509
18021
13275
662
18565
21332
20128
22219
2571
21100
20960
841
19353
15891
18688
17697
17316
464
10052
17705
501
17663
6596
19965
10793
21893
2403
3397
8069
509
10163
9484
22808
13544
3759
1021
7175
15878
15535
20074
13146
16974
21015
5199
507
3792
19823
6192
4675
21246
20132
7920
17527
14490
9334
19947
22224
20909
22748
20641
20485
14312
8958
15063
2514
15466
22988
9246
1031
10139
21403
13636
22664
22154
23083
19339
16453
18878
10110
19962
10541
7692
21829
2276
3661
7512
20140
16197
22201
329
8076
7457
861
11760
19246
4950
15939
22823
3878
6927
21642
19935
508
8979
16427
482
