13776
229
230
103
152
50
13716
36
226
10798
517
91
11903
10892
520
7250
14090
19451
455
419
518
47
16
270
1391
6813
3265
4816
21714
4571
6285
3281
443
32
3685
838
4859
18393
16495
20465
8397
11580
21625
66
13582
9868
164
10956
373
7459
12007
13799
21790
336
151
2464
5902
15470
3686
8187
13117
489
5222
21280
342
141
490
12006
15476
118
22265
8743
9906
310
17651
14265
7666
12873
9507
21540
101
497
2555
11717
16014
4644
26
8612
743
1996
17622
545
158
9063
249
1774
175
11322
22419
6900
2746
11699
3647
7904
22213
16310
10359
6509
6549
19507
18631
17007
3959
54
1078
18411
2946
3008
12571
19746
4758
18831
20884
20161
11902
519
10113
18699
14011
446
11519
12411
5272
17740
1709
2578
20534
7548
135
14192
302
145
150
3706
18089
7941
13294
11327
9880
16890
8003
21798
18448
3816
27
16531
4136
15710
412
15820
12227
18849
18667
3822
13701
19101
22287
21657
14939
71
13083
21636
4082
15403
9524
296
8945
433
7601
13602
15747
14705
14351
9714
514
264
9175
13404
11499
2061
22690
12504
9380
20288
22182
496
306
20836
5035
13286
14343
22487
2553
5979
14942
11666
3764
6308
5248
658
7046
16495
20465
8397
11580
21625
66
13582
9868
164
10956
373
7459
12007
