74
7262
295
373
230
436
1543
5919
19183
57
135
6315
132
15434
1865
6369
534
6432
124
9783
13776
1493
22325
4499
445
13256
227
19935
1998
3588
544
19322
79
20580
3050
10931
22653
7549
17443
67
17021
19999
5744
20819
14634
14887
21993
10956
4177
14114
18826
13257
14181
9390
433
11295
513
4911
14460
15864
13382
8003
6314
16279
490
1858
233
4440
18432
245
13905
7607
7856
12426
7234
127
6641
4777
430
16063
12749
18265
4257
192
229
2186
18161
1816
20007
6421
429
11599
21280
20465
195
9074
2149
497
5034
15
10458
12698
197
11269
14164
4602
11322
15142
3826
9871
504
7224
432
14059
113
9385
7921
13608
3564
4437
242
8534
16445
288
4661
105
21755
378
8702
9337
129
5005
298
10403
387
18360
449
14564
700
13038
18484
8462
11577
3597
13716
16449
13603
16933
11947
5139
755
14470
323
7564
6861
15498
12351
3252
22582
1599
10417
14804
14179
7672
11313
2317
13357
138
16823
16236
16297
352
18067
14090
243
14
22
478
2598
15188
19448
9977
7380
60
12646
18103
17080
23099
18448
375
62
7804
20517
10030
17975
17265
15114
2903
7133
11051
16328
6298
12401
10416
7556
16235
16720
12551
19935
1998
3588
544
19322
79
20580
3050
10931
