9819
390
219
252
231
4090
8026
1482
7417
13792
2923
20281
295
280
6954
6790
7481
9409
13751
1575
19940
12838
18914
15169
64
1716
15048
62
142
14232
13764
6392
7027
6721
11692
19650
2127
18110
9326
20786
521
13073
5231
20860
17098
14545
18835
22010
21201
176
4410
18312
136
19784
15289
12081
9410
17781
3558
15048
130
5887
461
8055
8678
226
1361
11029
4339
91
6616
2530
9805
10179
4677
6031
503
19949
11485
235
13890
341
19098
22
21396
7933
5063
13956
17973
549
152
275
17483
17850
8590
15943
7549
10519
1505
7958
2335
11671
23128
9037
18045
11205
980
8412
15372
10454
10969
7733
11519
5397
21774
10264
961
15821
100
9
15044
12216
2541
7209
10005
13084
14395
4777
16321
17642
2406
4829
400
294
19407
2525
439
15919
5721
1076
16871
11006
8194
17314
35
3268
3590
519
1823
989
21981
9296
1444
21759
1246
15719
4511
9639
427
14423
6592
7289
13056
16464
7372
19182
13670
2666
6653
3144
4173
13564
8579
5919
11117
7698
21120
8436
17748
497
6799
22213
14292
22499
14295
13091
3366
11366
12063
15574
5998
18720
21798
9827
15770
4428
11474
16008
7140
6419
4846
19490
13303
12838
18914
15169
64
1716
15048
