8087
1996
164
92
7109
4437
11295
8767
4702
15828
13425
12710
451
9864
14566
8744
13520
8513
2621
21596
13256
18886
9220
10016
5387
7289
4863
14717
79
4443
301
19322
13967
18106
539
17264
13275
14617
1077
1461
6139
15509
13843
10003
6913
7986
11266
4795
14323
18205
11810
74
374
4969
345
11193
56
7979
4435
9805
8931
18460
373
13012
21798
12497
21133
271
12009
4933
19169
10719
18363
415
13646
11394
2705
17327
12202
1133
1320
14490
7115
12430
9727
2256
9735
429
21801
15434
544
9093
735
15148
18702
22230
2730
83
3249
9774
528
18392
20555
22031
18950
10808
15503
2298
19799
17820
495
21532
56
7120
19170
3656
2131
62
13623
7049
1802
23058
7500
18306
8970
14717
79
4443
301
19322
13967
