17316
7118
12722
230
4796
415
2153
539
12294
310
11053
3509
13041
20674
14294
5449
15951
529
351
19078
14617
3960
241
4391
465
4493
8339
91
930
2057
19858
348
2218
2294
12654
243
6139
180
21317
8533
13685
515
911
9343
19518
4767
16113
116
7848
2128
21136
195
15878
7123
496
1306
15374
21458
2283
19889
9714
16242
122
13401
1736
14094
226
5246
677
137
14050
9311
163
6000
17954
10828
23182
4101
5323
22510
2503
13355
8524
13776
484
20347
19640
13207
15088
13173
4397
443
13949
20095
17300
12882
17849
1126
21755
342
21570
904
10986
4848
15496
1269
11176
6444
20587
11167
10548
2315
20384
19548
207
20062
19467
511
5272
345
12565
16357
15720
179
70
14027
13375
14335
1745
81
5356
1027
15414
25
3
14264
6290
4921
18301
10856
9722
16826
88
530
327
10419
10146
1966
2121
13600
314
18415
19491
9893
13402
23147
4962
18993
20432
10267
3374
14566
21356
1445
2829
1553
12246
10717
6341
1020
12331
3705
5531
196
413
6726
16922
12757
14033
5737
12818
15486
15430
3502
19823
1777
10152
21043
16642
3329
5040
21963
17651
3272
22154
12563
13269
10793
283
2553
13545
4997
528
16197
4387
4490
22304
4351
8398
7054
10890
20381
20288
6253
4678
14818
12216
13226
7212
2691
21317
8533
13685
515
911
9343
19518
4767
