16432
381
488
77
141
18645
19148
13840
12693
15955
15939
126
14056
1600
16189
21964
83
22326
11350
6340
7262
12696
15946
37
7459
67
522
1953
9859
14569
10016
15143
16877
450
2
3260
13750
19583
22022
2188
22319
2151
5222
5419
18800
9174
12117
2456
1047
20029
387
19
20717
17396
18110
10783
421
6035
373
509
8003
2494
18694
16119
342
8228
22613
7456
2118
506
12066
7468
195
21124
20653
362
200
21223
18808
15796
11017
14220
549
12785
17374
4
8618
736
57
17870
7553
528
22508
16449
2704
7
8611
10993
19383
1408
16420
7735
15980
9762
136
20617
16802
19503
10488
1821
23120
354
23040
382
22002
13185
369
12748
16271
5423
10176
7248
11049
13336
7617
8970
14019
21234
19167
21169
11699
12578
11962
17385
4024
14301
18069
20985
21330
10004
2772
2939
12568
2369
14611
15748
3178
2564
4815
7563
15289
20722
2213
22963
7691
12043
1895
19771
16449
379
16505
15132
22750
15494
20874
1591
1638
11553
8317
822
3702
5616
21379
8996
4598
20670
14989
17210
7990
11608
16620
375
18327
12208
10300
19412
18413
22381
19008
21340
7880
19061
20952
6090
4912
3871
11519
3385
13998
23099
17213
13254
3260
13750
19583
22022
2188
22319
2151
5222
5419
18800
