127
373
222
4777
18093
325
3422
700
91
441
161
23147
13271
6232
288
285
2364
20884
16720
6348
28
20526
17300
7118
7289
10556
14816
16054
14566
1096
468
235
226
348
104
1209
3960
80
19548
21458
21405
2856
15430
12992
14864
16922
19858
15036
3597
9275
309
20915
941
9342
787
4644
1106
19430
496
10856
13217
18603
11176
17617
241
230
69
15258
514
15853
4144
8759
4996
175
16166
19834
17362
20325
13742
3805
103
14666
2247
351
363
229
18250
774
1211
6927
6900
7312
148
4469
391
9228
22572
9313
19737
18348
14596
9971
5042
13385
2315
431
15284
62
6948
18205
22287
12182
19746
14997
18658
8397
1157
19219
18019
11175
7807
20439
180
19682
19149
19780
9347
15796
480
1411
12470
19383
179
2559
21352
510
11281
8033
4443
13348
2218
5878
6567
537
1829
8148
11479
3764
22327
1369
6775
22521
17366
424
8131
17579
20822
5848
3
5223
4388
12805
105
21747
8334
4635
18141
19191
8445
485
17145
21041
13478
10198
4101
314
14683
19608
15979
12638
19174
119
267
3508
3837
7090
7778
765
491
17093
22839
16547
19158
203
6022
15814
545
316
483
13520
18822
19388
465
3712
970
8236
21201
1443
22798
13537
297
476
57
11553
6327
18579
18340
14035
8966
9825
9515
18100
285
21458
21405
2856
15430
12992
14864
16922
19858
15036
3597
