1103
14988
8435
19355
11679
17570
17032
165
17961
10058
52
18432
5397
5959
4111
3272
15909
6572
1890
1577
13271
14090
3531
10058
19098
2945
6315
13976
7396
174
5181
9746
22002
16192
7960
3799
4660
3857
1031
11948
379
15434
12452
16414
14677
12912
9225
15059
2910
2903
4677
956
414
2033
18940
2751
14715
22750
6506
2576
5179
11610
9278
18502
7607
5535
5237
15919
16266
8400
11394
9
9326
16893
21961
22351
141
6281
5112
2786
531
3119
505
21900
9991
17415
16884
11889
5034
17278
10140
8630
23135
14775
14056
16318
13436
387
10510
2888
19281
5741
13129
4443
14153
16470
4281
15397
16862
330
18966
8524
1263
6545
4415
450
12017
2707
23204
10031
3272
15909
6572
1890
