199
34
1543
36
373
20386
3050
462
945
8426
15912
310
12470
390
8087
14292
5177
13256
13967
17186
230
700
12006
472
1369
74
19788
8
5019
362
14816
3813
411
12168
18165
450
5744
269
16107
1837
4702
395
14610
21387
334
13838
283
9251
3837
5164
58
1980
22
15068
2010
15434
17145
10016
15946
13750
550
18310
6059
19825
16936
85
107
6599
19991
19581
19158
20637
3791
16826
7260
7289
21705
5952
351
15622
7118
441
4773
20680
13275
12294
6401
1501
1482
5881
9205
15823
391
21707
14460
19682
20131
241
91
442
2275
18682
15215
19561
18566
423
13608
348
23040
7237
10724
245
35
18966
11026
6075
9862
16436
322
307
16063
22798
8744
96
12547
326
1457
4101
6168
15142
17671
174
1292
1287
16843
10798
16713
17548
20355
15258
19424
486
14278
23184
9633
261
9707
1935
369
16411
8620
22002
1032
1829
3260
6016
9118
20960
6486
284
20271
5729
15789
15226
2218
5998
17649
4469
20819
9176
14728
4699
2282
532
4618
4298
14715
15770
3638
18098
7607
3139
9551
22581
21696
13880
14244
6637
3924
21454
15791
20432
13603
13602
14342
11522
4064
2381
14092
3897
18636
12500
9893
20580
7247
3509
4628
1924
9118
20899
11682
3793
2312
20532
11907
10408
3382
4457
16526
22507
15308
14367
3803
20954
18281
13237
15908
18905
8110
11799
21718
11031
5744
269
16107
1837
4702
395
14610
21387
334
13838
