10993
10915
16121
6486
10279
1762
16328
12527
246
11449
8434
8524
3509
65
21356
8420
2153
20296
2295
14264
21458
20432
1143
7118
8533
6144
9
137
5610
15853
17315
11298
17201
5469
18448
135
12985
8348
1219
5416
10828
7611
13342
19078
8796
21456
9752
12783
20384
921
15094
21292
6297
4492
13400
476
2135
10921
13335
14360
18096
15040
941
16113
3950
13494
16409
10586
20432
22634
13284
102
20416
18148
20884
7353
15190
4317
4438
1935
9889
751
15028
16417
15077
14992
5167
18087
11473
8510
13355
933
18539
41
13154
17756
9590
13799
13207
4844
17145
6497
1763
8179
14645
15482
10734
6008
19563
1532
13933
6325
18340
20421
6327
14523
19811
18101
529
5272
19276
37
13471
9898
91
692
7126
6350
15711
2261
8919
11884
4224
8322
13259
9953
18421
15496
2218
14178
208
19438
12774
1457
3195
5521
22538
7271
7496
18029
15844
13875
14733
1388
3816
20334
171
887
1069
18030
14423
7826
5231
9714
5915
18131
4641
18783
3836
12075
20674
10621
3533
13887
1683
19625
3038
18418
1544
13742
4129
5716
11384
2061
10006
11212
15159
3281
2996
296
32
6483
21405
20268
16315
4848
5979
7045
20161
14990
11498
10527
9311
216
14070
9872
16357
17166
127
10548
16736
2152
14678
14028
21391
20465
1203
3806
19811
8135
10393
1084
4096
996
12167
13921
12882
6535
8712
15036
22750
14238
19979
1269
6217
17210
2559
15662
7568
12990
12668
23204
20288
10089
9892
4845
11327
12992
4870
10149
20084
19343
87
12868
10219
334
13685
465
17975
21076
12165
11422
9784
306
19491
1642
18584
18831
4796
9226
3960
325
4889
14027
9153
13238
1736
12996
4767
14616
22088
3287
309
14648
4209
1181
7995
16735
4777
4320
17119
17122
10719
12339
17456
16907
17173
4838
4641
13399
10103
12017
12299
3906
13895
16902
2315
3214
19170
351
3385
14908
20896
4230
15876
604
22203
1208
308
20432
4798
13107
17184
21646
4412
12841
11284
258
10582
17581
316
13749
495
5873
9765
19858
20115
3587
22610
11920
5425
4781
19825
6320
341
13084
8131
18878
15947
17316
9764
16347
5176
8418
415
7203
17305
8089
10467
20065
21357
18594
3532
13808
2128
1165
6948
22618
8178
15041
16814
9893
20485
22032
42
1246
21830
5315
788
9318
12557
19190
7295
7587
6935
12468
14566
59
15878
2021
496
21801
18263
15043
1101
18025
314
13850
8634
14404
383
21192
1599
17937
1733
4405
1585
10189
14963
9722
8523
4438
6448
6866
1004
2955
13567
4774
13141
1782
19623
13311
6286
16423
484
14185
4846
10284
4645
21244
19278
4519
14064
1791
21889
14756
19451
4327
264
6174
347
11270
22607
7846
10646
6464
22668
13010
3700
20395
9990
9784
9576
14179
18666
952
21637
230
326
4394
975
4089
13387
5163
12748
14629
938
15838
17770
2040
18221
1448
11974
3656
13226
4644
5949
1086
1313
17208
17777
16669
10775
11908
12502
12177
8767
8978
17004
4474
3837
19098
8049
521
5164
4175
298
6900
13011
16808
13269
17756
9590
13799
