13342
3837
373
18025
5521
8656
32
14523
11047
334
1269
4848
16862
7207
8819
4333
4916
14733
692
15128
14130
2070
19516
4161
1061
4467
1101
10621
20347
10828
476
4846
14064
18029
5272
19620
4181
18831
6857
2735
11212
2793
20718
2713
22754
2133
865
2218
15068
22053
4549
18936
16162
11115
3624
3837
3519
14975
21457
20115
13704
5033
1211
13052
2695
326
4767
19889
14832
8118
13743
12882
13107
7271
2565
3467
292
10993
4909
18905
4438
20288
6329
5164
16735
12625
2325
3029
12527
2383
12478
18822
14616
8685
5409
9973
15789
1246
1742
175
21458
9676
20432
137
4272
11257
1736
1413
2751
19932
16808
11519
15188
21192
21449
10383
12683
4391
7367
3892
22018
10536
20083
18509
10431
12738
21801
6363
5623
3314
18448
15171
7133
21292
22506
21787
8001
14934
15738
10955
13150
4601
2321
3383
13863
18788
18636
10531
19749
4094
9246
10496
