1	3268	230	22519	231	5075	21877	9466	
2	106	15729	15787	13970	
3	387	450	14153	4281	
4	22127	
5	8404	355	
6	481	3225	2056	373	
7	16810	
8	11869	16031	9255	
9	7514	471	
10	350	
11	251	14151	5419	
12	11551	2317	233	
13	10123	11388	233	
14	112	3393	508	
15	
16	20950	13632	14008	161	
17	10696	334	
18	22757	3366	
19	10465	
20	19681	152	
21	21257	547	
22	322	
23	9991	5919	
24	15568	500	9093	
25	4060	
26	14034	19519	5022	9770	11418	345	
27	239	15402	18703	
28	3320	373	334	
29	2400	7483	
30	1773	1925	
31	15715	444	720	687	
32	15372	
33	16771	390	2005	5458	
34	7698	226	
35	6821	3946	7538	
36	390	13764	12822	
37	20532	199	
38	208	
39	3813	
40	12187	16994	11324	199	16080	345	
41	1029	
42	15416	9025	2396	
43	2880	
44	7539	9175	
45	7622	249	
46	18148	
47	21570	
48	7483	
49	2814	509	20938	23108	
50	
51	106	48	15306	
52	7201	
53	11554	15609	17551	11481	20920	15509	235	
54	6302	11978	517	17622	21625	14265	
55	3329	
56	22326	660	354	
57	16581	
58	6005	7086	167	
59	7636	22313	
60	20560	373	
61	14566	
62	9374	5795	494	3268	21940	230	
63	2856	16472	
64	7722	3396	10385	78	
65	
66	17528	
67	3647	229	
68	22867	518	520	9992	
69	14151	20355	
70	6038	130	
71	21972	195	9	10660	12456	13271	
72	12303	16930	
73	22507	11799	9118	13602	
74	3782	2530	381	230	
75	13037	36	
76	1617	11041	295	
77	4529	22874	11569	60	
78	20729	542	14127	223	
79	3984	
80	254	6698	5743	
81	331	276	
82	381	8955	
83	252	1393	
84	19940	3268	
85	22201	159	6799	11117	
86	3238	231	235	15603	5824	
87	18835	142	4777	7289	
88	5786	70	1815	
89	21404	3050	17557	
90	657	
91	22838	2555	230	16376	15052	
92	
93	
94	19965	17464	
95	19965	17532	97	9176	14934	
96	8720	18412	
97	18982	402	1543	21398	19982	
98	18483	
99	9074	8892	233	
100	359	17991	526	
101	22211	119	
102	106	48	
103	74	21321	229	9400	
104	1268	5419	20355	16206	
105	18250	
106	17497	134	
107	12219	
108	17839	443	
109	280	390	
110	400	311	11023	
111	13404	145	336	151	
112	18862	7118	12992	5902	
113	15	245	
114	918	2290	16097	
115	3813	
116	21854	285	700	
117	9827	
118	2494	488	18645	
119	13657	537	13320	628	
120	19940	
121	21580	4863	
122	5887	390	17781	13303	980	15289	
123	
124	7579	323	8170	
125	10016	
126	15225	8398	
127	13993	91	2054	11411	
128	
129	2880	
130	6340	311	17733	
131	16084	310	
132	12455	
133	
134	9374	494	21940	230	
135	21972	195	20217	20679	20062	
136	15622	9251	
137	11366	5345	438	20668	
138	12717	14253	350	7289	
139	509	20653	2814	5097	20717	
140	13789	310	
141	430	11388	21852	547	18305	233	
142	409	21389	11717	
143	956	
144	1808	37	
145	530	
146	17019	1252	6189	439	
147	18835	275	142	
148	18835	2221	4777	
149	
150	252	280	
151	11372	8473	14011	91	
152	18984	14318	
153	22545	235	14759	7209	817	
154	71	5646	91	
155	10123	9074	233	
156	101	190	230	17740	3212	
157	18237	286	85	
158	43	344	528	16775	
159	43	7594	1090	528	3812	
160	436	
161	
162	1399	3547	446	
163	156	8073	
164	1584	145	16310	151	
165	432	19023	12006	
166	10735	182	91	
167	16443	311	
168	6265	6587	324	2973	482	
169	33	483	
170	33	483	
171	5919	
172	199	
173	11340	1086	11269	
174	19590	443	
175	8859	363	652	
176	2091	430	233	
177	11379	
178	20769	251	16538	287	
179	
180	21940	21877	230	
181	231	235	3268	23128	
182	11382	192	
183	3144	
184	3101	19393	6249	91	
185	20181	
186	19111	13858	4032	292	
187	522	107	277	
188	10209	195	8946	
189	13624	21104	86	16930	9726	
190	8341	160	
191	13256	
192	2470	227	18766	544	
193	18982	402	540	423	
194	11692	4433	1466	
195	11479	
196	22957	16547	381	230	
197	427	21759	5998	8055	
198	282	4725	
199	20554	
200	22603	229	21657	11903	
201	136	7695	295	
202	11390	17272	528	3329	
203	494	9390	276	228	
204	6710	6472	
205	251	5419	2529	
206	15437	20909	16916	
207	35	390	13764	
208	12012	364	66	36	
209	200	421	16767	
210	918	
211	13905	295	
212	152	66	4571	36	
213	3622	13357	15114	
214	
215	107	390	277	
216	439	15787	19428	
217	3597	
218	9074	430	2317	378	13608	233	
219	20260	4934	129	
220	524	13358	
221	6927	363	
222	21975	345	21368	
223	14994	
224	4056	17748	
225	
226	1936	442	16860	
227	22	390	1250	
228	8087	
229	12006	19023	432	
230	72	10651	
231	17733	
232	494	276	190	9374	517	230	14466	
233	6340	17733	
234	21552	21570	12875	
235	2649	182	469	91	
236	720	
237	19583	15895	
238	9374	494	237	230	
239	162	5488	7289	
240	16364	6195	2488	324	482	
241	16165	3127	1466	
242	13142	241	19978	
243	184	85	4766	462	
244	20436	18557	13894	3	
245	14838	142	
246	6419	
247	
248	
249	430	11382	17528	233	
250	2380	226	21192	230	
251	409	13857	21389	14305	
252	16733	16742	10385	3396	78	
253	8857	142	
254	530	
255	6721	
256	7118	1837	
257	444	19651	16659	
258	252	280	390	1482	
259	11372	20203	5646	19156	91	
260	73	10107	
261	20619	20271	174	15434	22002	
262	21124	381	77	
263	344	
264	14482	8958	
265	12822	11411	91	
266	6151	
267	1268	5419	20355	
268	16063	
269	16810	5979	
270	14566	
271	10956	
272	7483	
273	13882	17971	1915	91	
274	15476	21625	17622	517	14265	
275	19624	5919	361	
276	9342	
277	10328	10175	540	2200	
278	482	22965	
279	6316	
280	21104	86	16930	9726	
281	11551	430	233	
282	11382	192	9126	23161	
283	182	441	235	373	91	
284	
285	
286	15359	67	
287	13288	10478	1466	
288	5745	15891	4190	
289	10209	195	8946	
290	17231	10696	3705	334	
291	21389	409	4366	5841	
292	21280	10603	700	373	
293	8978	354	21930	10059	
294	
295	18966	
296	286	85	18237	
297	14947	520	21990	
298	20534	5753	496	
299	2404	5744	3050	
300	22792	9057	192	233	22497	
301	20217	195	
302	106	4706	4777	14089	5891	4846	
303	106	107	4614	478	13059	
304	106	18004	
305	74	373	
306	74	13945	229	9063	338	
307	14263	1547	361	
308	1429	528	344	
309	987	
310	7438	
311	530	3458	
312	
313	491	21298	15777	
314	9074	22792	233	192	
315	537	11511	
316	18657	
317	540	20651	113	10952	2200	
318	540	423	20651	2200	
319	18358	21447	
320	
321	370	20892	
322	1821	13288	16221	1466	
323	20271	174	15434	22002	
324	
325	22	15114	2598	478	13357	
326	199	411	310	
327	10016	
328	85	7693	402	462	
329	109	9194	
330	6620	3450	1466	20734	
331	11838	100	
332	6145	218	192	373	
333	61	310	14456	195	
334	16436	310	20131	199	
335	151	336	145	118	
336	22748	5433	91	
337	7085	5197	7289	
338	2151	
339	22086	2853	62	
340	14595	4799	351	
341	536	210	500	
342	956	
343	444	14550	253	
344	252	1393	2880	91	
345	239	6744	11699	
346	374	
347	21642	402	1543	
348	101	17740	71	
349	58	373	
350	7289	142	
351	381	21171	77	
352	4433	1466	
353	5885	16436	310	
354	9698	
355	432	
356	6265	324	16364	19370	482	
357	17165	4435	
358	4335	18770	
359	5869	18966	
360	12685	
361	7483	
362	2550	
363	3984	
364	18966	
365	
366	19624	73	
367	7477	
368	1480	72	
369	21104	13624	16930	
370	399	11516	19373	
371	235	91	441	373	
372	15137	
373	19981	195	17427	9239	
374	3144	4410	
375	3421	1032	15642	
376	182	91	2649	469	
377	182	91	530	
378	19148	
379	234	13002	37	
380	11512	492	17659	19672	
381	522	77	20617	16119	
382	21201	3450	1466	
383	391	226	700	10603	
384	10209	195	14944	8946	
385	515	14412	22893	18858	
386	16449	8775	9776	
387	5042	9943	
388	233	430	9074	
389	10235	21796	13554	
390	20510	22181	20882	333	4467	
391	20115	
392	17723	408	223	4713	
393	251	2529	542	223	7729	
394	5273	7118	1837	
395	954	439	18398	
396	106	1467	8720	18412	22827	
397	35	325	309	373	
398	280	4173	20577	
399	67	8483	
400	91	9205	3813	
401	
402	6615	443	17	
403	471	47	453	
404	9332	20465	419	
405	8087	
406	85	462	19970	6913	
407	494	9625	373	
408	494	199	
409	6340	
410	36	7289	362	
411	7477	
412	449	323	129	
413	212	448	
414	14566	
415	18966	
416	536	210	500	
417	1811	
418	530	18141	3458	
419	390	277	1482	
420	297	12416	
421	11029	4394	383	
422	374	
423	57	257	8735	20070	
424	5288	208	
425	58	20912	550	373	
426	13357	15114	
427	381	121	190	230	77	
428	142	362	
429	12952	12406	100	
430	6541	
431	235	97	91	
432	11382	9126	192	
433	539	511	17671	
434	182	91	
435	10603	51	
436	21201	1466	
437	6315	
438	121	190	517	230	
439	233	19030	
440	17528	256	485	7118	13608	
441	110	19935	
442	15446	466	440	497	
443	251	542	223	2529	497	
444	344	55	245	
445	74	226	2529	
446	2170	415	
447	461	8579	
448	200	295	11976	
449	16063	1090	
450	45	2977	16588	
451	19745	20355	
452	107	390	1482	
453	36	7289	1709	
454	
455	
456	20410	
457	453	
458	13997	11327	
459	5385	
460	108	345	16080	12277	
461	390	8590	1482	
462	18477	7314	
463	130	10603	
464	252	91	
465	240	15396	496	11435	8527	
466	
467	381	77	
468	18004	16775	3812	
469	
470	
471	8311	
472	14566	
473	14356	1761	1925	389	
474	9205	5419	91	
475	17165	4462	14482	4635	
476	342	8150	529	16015	
477	5598	6419	
478	2391	21171	77	
479	8228	
480	3077	443	
481	179	8980	226	373	218	
482	14482	
483	288	
484	391	242	700	10603	
485	6212	3538	
486	13624	
487	121	21171	381	230	
488	195	10209	8946	
489	8977	496	226	20906	2061	700	
490	8069	509	8076	
491	22984	229	11903	164	
492	13582	20465	
493	17366	8445	5878	
494	424	5786	518	3214	
495	19246	1077	2748	
496	11904	345	
