184 266
55 30
74 329
113 94
126 172
235 317
260 331
402 189
403 33
261 94
386 172
411 189
494 317
7 242
28 51
67 308
69 290
75 107
92 1
137 64
198 164
200 252
202 143
216 24
254 165
257 26
389 145
416 209
455 32
474 3
490 75
165 308
166 266
180 329
208 107
244 164
249 30
255 252
269 242
290 26
480 1
264 94
295 30
434 266
15 25
29 95
30 54
61 136
83 171
91 43
139 19
156 13
161 68
194 174
209 160
212 29
256 112
313 170
320 134
324 67
329 37
347 119
351 321
358 225
364 12
375 55
420 238
420 350
435 336
460 69
472 200
85 64
100 24
103 33
198 290
219 136
433 29
48 1
69 164
193 329
282 64
310 24
118 30
129 94
436 266
15 82
24 239
40 58
48 22
61 255
75 4
79 79
91 267
92 42
113 49
134 73
156 288
161 166
161 220
180 105
184 74
209 99
219 228
244 182
245 31
254 9
264 40
266 17
266 52
282 186
284 121
287 14
313 5
313 293
320 272
322 65
351 71
358 45
362 87
375 244
389 38
392 330
399 20
411 304
431 297
444 313
490 98
28 171
40 25
123 143
129 165
194 220
216 68
269 209
287 3
402 49
460 160
472 272
304 68
455 165
474 220
24 85
48 116
55 2
74 219
79 144
92 15
103 96
113 39
118 7
137 340
139 23
156 6
165 154
166 10
184 163
200 177
208 217
212 34
235 16
235 36
244 346
245 131
248 63
248 231
254 117
256 70
257 28
261 257
284 35
290 8
303 72
304 227
322 53
322 260
329 102
362 44
364 46
389 167
403 60
416 78
416 237
420 66
431 113
431 232
434 18
434 280
435 324
436 47
455 132
74 52
248 346
284 267
295 14
303 96
358 154
433 244
480 22
435 346
7 11
7 21
15 27
24 41
28 48
29 50
29 56
30 57
30 59
40 61
55 62
61 76
67 77
67 80
69 81
75 83
79 84
83 86
83 88
85 89
85 90
91 91
100 92
100 93
103 97
118 100
123 101
123 103
126 104
126 106
129 108
134 109
134 110
137 111
139 114
165 115
166 118
180 120
193 122
193 123
194 124
198 125
200 126
202 127
202 128
208 129
209 130
212 133
216 135
219 137
245 138
249 139
249 140
255 141
255 142
256 146
257 147
260 148
260 149
261 150
264 151
266 152
269 153
282 155
287 156
290 157
295 158
303 159
304 161
310 162
310 168
320 169
324 173
324 175
329 176
347 178
347 179
351 180
362 181
364 183
375 184
386 185
386 187
392 188
392 190
399 191
399 192
402 193
403 194
411 195
433 196
436 197
444 198
444 199
460 201
472 202
474 203
480 204
490 205
494 206
494 207
