1 47
1 242
1 308
2 25
2 47
2 82
3 26
3 47
3 239
4 51
4 83
4 149
5 95
5 289
5 292
6 38
6 54
6 60
7 25
7 58
7 87
8 1
8 14
8 43
9 30
9 39
9 304
10 136
10 252
10 290
11 39
11 242
11 308
12 73
12 75
12 290
13 75
13 252
13 329
14 58
14 107
14 164
15 68
15 79
15 350
16 35
16 171
16 329
17 35
17 64
17 111
18 6
18 43
18 267
19 1
19 78
19 273
20 24
20 73
20 317
21 33
21 44
21 47
22 30
22 39
22 304
23 71
23 75
23 110
24 15
24 24
24 143
25 73
25 172
25 331
26 13
26 54
26 136
27 24
27 55
27 73
28 64
28 136
28 166
29 2
29 4
29 19
30 13
30 171
30 189
31 1
31 68
31 267
32 39
32 46
32 308
33 75
33 107
33 164
34 58
34 271
34 329
35 49
35 164
35 266
36 35
36 42
36 329
37 34
37 174
37 317
38 22
38 107
38 164
39 22
39 107
39 266
40 30
40 94
40 143
41 107
41 252
41 266
42 160
42 200
42 321
43 31
43 56
43 103
44 24
44 143
44 317
45 64
45 136
45 290
46 172
46 317
46 331
47 22
47 58
47 164
48 29
48 52
48 56
49 15
49 40
49 49
50 30
50 94
50 143
51 9
51 165
51 268
52 22
52 64
52 252
53 20
53 233
53 297
54 26
54 69
54 101
55 94
55 172
55 331
56 55
56 172
56 331
57 68
57 94
57 276
58 17
58 52
58 56
59 38
59 51
59 242
60 35
60 42
60 64
61 121
61 136
61 173
62 13
62 14
62 56
63 4
63 26
63 33
64 30
64 39
64 67
65 7
65 34
65 49
66 22
66 25
66 68
67 24
67 183
67 290
68 6
68 20
68 170
69 1
69 134
69 160
70 3
70 65
70 118
71 55
71 67
71 73
72 37
72 47
72 149
73 26
73 67
73 119
74 57
74 143
74 321
75 56
75 225
75 234
76 19
76 26
76 33
77 12
77 46
77 133
78 55
78 78
78 132
79 94
79 172
79 331
80 145
80 189
80 308
81 38
81 57
81 330
82 20
82 29
82 67
83 46
83 95
83 189
84 33
84 149
84 189
85 33
85 145
85 189
86 44
86 209
86 313
87 55
87 238
87 350
88 170
88 182
88 297
89 3
89 29
89 31
90 252
90 266
90 329
91 9
91 38
91 336
92 49
92 96
92 266
93 67
93 68
93 313
94 9
94 32
94 334
95 69
95 160
95 239
96 200
96 220
96 272
97 3
97 5
97 23
98 1
98 25
98 350
99 58
99 75
99 211
100 119
100 209
100 317
