114 481
114 244
114 430
193 329
193 350
193 451
303 238
303 350
303 356
134 317
134 417
134 290
162 481
162 417
162 238
352 33
352 329
352 13
361 29
361 273
361 267
431 400
431 170
431 112
25 481
25 407
25 8
43 481
43 64
43 43
52 317
52 350
52 44
54 545
54 329
54 3
61 26
61 290
61 267
68 94
68 271
68 149
109 337
109 244
109 7
111 481
111 49
111 182
165 33
165 110
165 43
232 405
232 154
232 360
241 103
241 220
241 485
267 25
267 400
267 58
287 160
287 350
287 31
328 143
328 22
328 81
364 452
364 136
364 327
410 33
410 244
410 79
416 33
416 317
416 350
450 317
450 165
450 346
460 26
460 499
460 533
1 317
1 212
1 337
21 94
21 149
21 75
24 33
24 428
24 360
38 67
38 14
38 288
56 405
56 499
56 167
65 371
65 49
65 461
77 329
77 149
77 166
103 313
103 134
103 420
119 545
119 290
119 374
133 94
133 43
133 491
140 143
140 329
140 225
141 428
141 87
141 99
149 475
149 358
149 420
150 26
150 200
150 294
178 400
178 321
178 136
194 67
194 112
194 10
203 475
203 71
203 267
205 290
205 337
205 131
210 371
210 296
210 182
254 337
254 400
254 165
257 545
257 263
257 14
331 26
331 289
331 6
336 452
336 94
336 244
348 337
348 49
348 330
354 136
354 545
354 116
379 149
379 75
379 428
382 160
382 23
382 43
392 29
392 60
392 239
420 530
420 238
420 25
430 428
430 63
430 314
432 149
432 353
432 545
449 32
449 55
449 131
2 451
2 10
2 167
11 547
11 58
11 184
13 49
13 371
13 185
22 452
22 24
22 370
36 136
36 56
36 304
41 49
41 74
41 7
50 547
50 14
50 58
64 405
64 412
64 177
66 547
66 64
66 267
70 451
70 220
70 304
83 136
83 227
83 6
91 26
91 25
91 267
92 530
92 273
92 304
98 3
98 75
98 290
125 428
125 220
125 24
128 371
128 467
128 70
136 67
136 75
136 458
138 313
138 400
138 134
145 452
145 244
145 20
156 313
156 246
156 399
157 160
157 20
157 461
164 371
164 265
164 9
166 51
166 64
166 66
172 421
172 499
172 17
196 421
196 166
196 38
199 103
199 280
199 288
206 38
206 4
206 178
226 499
226 15
226 346
227 452
227 212
227 248
231 273
231 116
231 14
235 547
235 58
235 35
243 405
243 58
243 129
246 475
246 112
246 220
252 475
252 43
252 213
269 51
269 405
269 231
280 451
280 212
280 116
284 103
284 485
284 99
290 160
290 180
290 380
298 239
298 395
298 451
308 346
308 25
308 294
326 499
326 242
326 16
346 164
346 112
346 6
355 143
355 459
355 420
394 94
394 184
394 533
402 239
402 420
402 296
405 103
405 296
405 25
408 67
408 270
408 294
409 547
409 443
409 491
439 112
439 239
439 15
469 184
469 200
469 116
481 304
481 213
481 84
3 38
3 485
3 165
4 530
4 76
4 327
5 331
5 271
5 319
18 64
18 200
18 45
27 164
27 166
27 255
55 475
55 372
55 385
58 421
58 147
58 182
69 331
69 530
69 265
71 3
71 44
71 322
84 530
84 321
84 131
90 3
90 44
90 417
95 143
95 39
95 159
155 184
155 39
155 131
158 273
158 271
158 165
161 490
161 491
161 335
168 3
168 242
168 227
169 242
169 45
169 14
176 143
176 417
176 458
177 271
177 132
177 455
185 67
185 165
185 24
218 55
218 549
218 155
219 64
219 160
219 495
220 421
220 372
220 47
228 55
228 353
228 321
229 239
229 305
229 336
240 313
240 32
240 491
248 22
248 225
248 63
263 395
263 132
263 139
274 485
274 502
274 353
281 55
281 212
281 10
297 421
297 263
297 184
302 314
302 74
302 294
305 47
305 15
305 18
313 170
313 183
313 288
321 9
321 360
321 519
335 44
335 99
335 102
340 29
340 167
340 220
344 38
344 320
344 212
345 359
345 542
345 168
349 56
349 72
349 66
360 164
360 273
360 358
367 164
367 197
367 182
369 20
369 262
369 167
372 313
372 10
372 34
391 75
391 459
391 194
411 44
411 513
411 170
415 55
415 167
415 15
426 185
426 491
426 9
434 51
434 261
434 346
436 420
436 263
436 490
459 304
459 9
459 225
466 4
466 345
466 430
471 119
471 417
471 47
477 263
477 87
477 41
486 321
486 20
486 131
489 151
489 280
489 283
493 359
493 372
493 461
496 154
496 467
496 4
8 9
8 197
8 63
10 197
10 346
10 15
14 24
14 242
14 8
15 238
15 10
15 159
28 147
28 213
28 275
40 4
40 485
40 542
45 119
45 182
45 315
46 24
46 255
46 110
49 87
49 490
49 45
63 87
63 430
63 38
73 309
73 330
73 166
86 22
86 319
86 166
87 22
87 63
87 524
89 4
89 113
89 22
93 119
93 116
93 8
94 32
94 39
94 8
100 197
100 121
100 385
107 456
107 243
107 134
110 103
110 361
110 524
117 99
117 261
117 303
118 197
118 543
118 549
121 39
121 13
121 327
124 27
124 332
124 63
127 263
127 13
127 231
129 51
129 549
129 13
130 238
130 356
130 23
154 51
154 293
154 274
170 39
170 114
170 154
173 283
173 60
173 315
197 13
197 377
197 461
233 47
233 223
233 245
237 314
237 213
237 533
250 270
250 225
250 269
259 255
259 293
259 315
262 242
262 361
262 430
264 331
264 32
264 288
271 356
271 255
271 8
273 294
273 154
273 6
286 213
286 430
286 74
288 119
288 459
288 23
294 395
294 99
294 32
296 74
296 549
296 424
299 119
299 333
299 6
306 459
306 513
306 31
307 151
307 178
307 425
311 359
311 45
311 519
322 29
322 330
322 507
323 87
323 110
323 402
325 321
325 7
325 424
329 456
329 19
329 424
332 47
332 464
332 16
334 391
334 320
334 183
339 164
339 280
339 370
353 283
353 81
353 455
368 331
368 17
368 79
370 60
370 231
370 298
371 154
371 271
371 40
375 395
375 132
375 370
378 359
378 490
378 16
383 270
383 19
383 28
384 331
384 372
384 424
388 385
388 533
388 23
389 151
389 425
389 327
397 180
397 200
397 487
401 456
401 139
401 225
417 283
417 412
417 113
422 29
422 71
422 159
424 270
424 380
424 358
448 314
448 399
448 279
454 270
454 200
454 19
455 456
455 424
455 16
462 385
462 243
462 459
473 305
473 170
473 333
474 241
474 464
474 183
478 456
478 41
478 45
479 283
479 467
479 288
12 385
12 185
12 65
17 289
17 353
17 494
34 320
34 448
34 319
39 241
39 549
39 468
44 356
44 395
44 490
47 110
47 74
47 16
51 359
51 255
51 467
53 155
53 261
53 280
72 302
72 296
72 312
74 110
74 461
74 402
78 23
78 236
78 34
80 72
80 17
80 324
82 360
82 35
82 118
96 88
96 35
96 40
97 467
97 71
97 534
99 183
99 50
99 40
104 102
104 513
104 319
106 20
106 50
106 28
113 402
113 183
113 40
135 356
135 34
135 178
137 139
137 319
137 115
142 302
142 457
142 89
148 155
148 40
148 108
151 155
151 315
151 18
167 34
167 121
167 36
174 28
174 117
174 448
183 402
183 35
183 71
184 322
184 457
184 35
187 115
187 185
187 19
188 50
188 199
188 70
209 377
209 79
209 117
212 31
212 377
212 7
215 147
215 245
215 533
222 261
222 322
222 28
223 31
223 380
223 34
238 402
238 168
238 19
239 159
239 79
239 191
249 72
249 332
249 113
270 17
270 227
270 134
272 544
272 261
272 487
276 27
276 412
276 134
277 151
277 275
277 60
283 360
283 17
283 139
300 353
300 72
300 370
301 56
301 335
301 448
309 289
309 185
309 457
314 132
314 245
314 28
317 114
317 72
317 222
318 71
318 139
318 293
319 89
319 315
319 155
327 132
327 31
327 251
341 151
341 117
341 448
350 56
350 159
350 487
358 404
358 60
358 117
380 275
380 524
380 298
381 147
381 27
381 89
396 88
396 79
396 326
406 56
406 342
406 117
407 89
407 524
407 227
427 27
427 178
427 312
429 180
429 524
429 455
442 114
442 113
442 372
443 494
443 303
443 65
445 243
445 358
445 65
453 50
453 191
453 293
456 335
456 108
456 222
458 302
458 178
458 375
463 302
463 7
463 441
467 358
467 65
467 325
468 302
468 245
468 227
495 27
495 298
495 455
6 50
6 335
6 89
19 70
19 307
19 11
20 322
20 231
20 65
31 391
31 412
31 108
33 84
33 457
33 231
37 293
37 448
37 61
42 147
42 513
42 190
57 41
57 199
57 190
59 279
59 280
59 57
67 377
67 332
67 380
75 322
75 502
75 457
76 391
76 381
76 312
85 168
85 177
85 541
101 245
101 404
101 118
105 61
105 539
105 380
108 18
108 381
108 279
112 118
112 303
112 108
122 407
122 336
122 113
123 479
123 76
123 224
143 494
143 206
143 108
144 118
144 440
144 170
146 544
146 314
146 118
175 121
175 355
175 222
182 168
182 177
182 344
186 320
186 312
186 483
189 327
189 443
189 93
198 443
198 36
198 254
204 303
204 361
204 543
213 179
213 450
213 378
214 525
214 177
214 347
216 269
216 534
216 541
221 269
221 368
221 431
230 494
230 333
230 190
242 544
242 502
242 487
253 333
253 57
253 514
279 298
279 471
279 542
285 494
285 180
285 542
289 180
289 312
289 502
295 241
295 333
295 513
312 305
312 88
312 194
316 102
316 61
316 487
320 11
320 262
320 81
324 179
324 70
324 256
333 307
333 352
333 190
337 307
337 66
337 237
342 399
342 412
342 70
356 241
356 168
356 36
365 88
365 138
365 455
373 269
373 534
373 84
387 241
387 190
387 379
390 191
390 407
390 81
398 275
398 199
398 237
400 307
400 41
400 347
403 121
403 199
403 57
412 534
412 330
412 332
413 179
413 289
413 251
414 347
414 84
414 325
419 88
419 377
419 534
423 296
423 115
423 199
425 66
425 535
425 298
428 345
428 195
428 514
433 102
433 61
433 453
441 307
441 330
441 201
446 335
446 458
446 332
461 243
461 18
461 516
470 57
470 102
470 368
472 310
472 381
472 121
480 254
480 251
480 540
482 479
482 320
482 419
483 520
483 41
483 472
485 458
485 355
485 194
487 404
487 236
487 344
491 243
491 347
491 36
492 310
492 254
492 265
9 404
9 93
9 194
16 114
16 11
16 347
23 254
23 177
23 431
29 289
29 425
29 404
32 129
32 362
32 251
48 11
48 18
48 251
81 254
81 222
81 274
102 114
102 418
102 378
116 224
116 84
116 468
120 191
120 413
120 275
147 66
147 90
147 450
160 179
160 355
160 344
190 443
190 256
190 471
201 129
201 256
201 516
208 179
208 462
208 370
211 269
211 355
211 381
217 418
217 441
217 472
234 265
234 520
234 274
244 191
244 345
244 256
247 351
247 542
247 256
256 195
256 76
256 379
261 146
261 257
261 507
266 443
266 61
266 540
282 345
282 204
282 336
310 93
310 431
310 344
315 309
315 384
315 483
330 520
330 344
330 441
343 265
343 471
343 222
351 342
351 507
351 355
357 305
357 11
357 120
359 236
359 274
359 418
366 57
366 257
366 450
376 305
376 115
376 352
377 195
377 413
377 352
395 93
395 36
395 374
421 246
421 391
421 418
435 137
435 274
435 324
438 471
438 236
438 453
440 399
440 418
440 472
444 399
444 431
444 483
451 373
451 194
451 541
452 195
452 81
452 218
464 352
464 106
464 483
475 76
475 195
475 90
476 223
476 204
476 520
484 137
484 279
484 381
494 471
494 204
494 541
26 93
26 310
26 262
60 450
60 352
60 495
88 106
88 325
88 378
115 374
115 204
115 441
126 431
126 378
126 472
132 462
132 279
132 520
139 450
139 376
139 464
159 324
159 196
159 368
171 137
171 77
171 158
179 237
179 468
179 62
191 262
191 382
191 62
195 458
195 262
195 62
200 374
200 235
200 441
251 204
251 115
251 541
255 374
255 218
255 516
304 196
304 483
304 62
338 544
338 129
338 419
347 373
347 224
347 62
363 472
363 76
363 77
393 303
393 342
393 502
418 309
418 90
418 235
437 382
437 77
437 100
447 413
447 336
447 77
488 382
488 90
488 453
62 407
62 336
62 90
153 425
153 516
153 100
180 362
180 129
180 540
181 413
181 516
181 100
192 342
192 507
192 100
202 453
202 507
202 77
207 368
207 540
207 135
224 462
224 540
224 100
225 382
225 378
225 106
245 206
245 218
245 301
258 158
258 235
258 135
260 135
260 106
260 175
275 382
275 379
275 106
291 224
291 342
291 120
374 407
374 120
374 181
386 384
386 120
386 207
7 135
7 362
7 120
236 492
236 237
236 135
265 326
265 138
265 226
268 146
268 137
268 216
278 146
278 137
278 258
292 479
292 138
292 259
293 384
293 138
293 230
385 362
385 158
385 138
399 391
399 146
399 281
404 345
404 201
404 146
457 175
457 158
457 299
490 206
490 362
490 237
30 361
30 511
30 158
35 216
35 218
35 175
79 181
79 175
79 300
131 384
131 196
131 181
152 207
152 175
152 318
163 207
163 375
163 339
362 196
362 414
362 181
465 196
465 423
465 201
