168 481
348 481
460 481
119 545
134 317
155 428
321 499
164 545
8 481
24 481
5 290
6 337
14 94
22 149
23 371
31 33
52 350
54 329
55 475
56 405
94 26
95 547
149 313
216 143
229 452
299 49
1 317
21 94
71 33
77 329
97 371
100 547
125 428
182 290
198 26
203 475
232 405
233 452
240 149
379 337
405 499
428 49
45 317
101 371
108 329
112 33
113 547
114 545
126 94
141 428
205 290
242 26
243 405
314 475
329 452
381 337
416 149
46 317
117 329
118 371
128 547
138 33
176 428
218 94
235 290
257 545
296 405
298 26
336 452
368 475
413 337
135 317
143 371
144 33
228 94
230 547
331 26
364 452
451 475
458 337
2 451
10 160
11 212
18 136
20 530
38 67
58 421
69 331
81 385
89 239
98 3
105 400
129 51
167 359
206 38
212 103
237 314
238 304
264 55
269 242
303 238
323 87
367 164
392 29
402 263
412 430
478 456
32 530
36 136
51 143
65 350
70 451
103 313
136 67
157 160
160 331
172 421
178 400
192 385
223 103
277 51
281 55
302 314
366 304
462 242
477 263
481 430
496 239
13 49
37 530
43 499
63 143
130 451
137 136
156 313
177 350
196 421
220 67
241 103
254 400
260 331
261 385
286 160
307 51
384 304
440 55
448 314
41 49
68 143
75 530
145 149
170 313
173 451
193 350
210 421
219 136
226 499
268 331
271 400
285 67
287 160
301 103
328 385
409 304
459 55
15 405
40 428
47 545
61 329
74 290
84 530
111 49
211 143
231 350
262 313
280 451
288 67
290 160
297 421
306 499
312 103
330 331
351 385
389 149
431 400
9 283
11 321
12 112
17 197
28 147
29 289
33 417
34 75
39 271
44 356
49 64
50 4
50 273
59 99
60 402
64 32
66 494
72 9
73 166
82 346
83 220
90 47
91 184
92 58
93 119
99 39
109 244
109 302
110 420
111 225
114 167
120 395
133 25
139 353
142 424
146 377
151 467
158 485
162 154
165 544
166 151
174 182
185 170
186 320
187 165
204 60
214 479
227 179
232 360
241 43
250 44
272 19
273 294
289 74
316 31
322 404
334 391
335 213
349 56
350 159
352 13
352 296
360 443
361 267
383 270
397 180
410 303
411 513
421 459
433 412
439 241
445 243
449 373
469 116
472 200
473 305
482 525
27 164
52 197
54 283
57 112
67 238
87 212
94 32
96 321
98 75
107 289
116 29
121 39
134 417
140 346
162 4
166 64
170 420
177 271
184 395
190 402
196 166
202 494
209 25
217 359
222 58
245 360
249 467
254 9
267 43
274 273
275 119
291 151
292 456
300 184
305 47
313 170
318 294
326 225
327 485
339 182
341 544
345 356
358 404
371 154
376 179
393 377
409 443
411 44
417 424
422 74
423 270
424 167
430 87
432 353
438 302
454 213
474 3
489 479
491 320
7 239
64 197
104 75
106 283
124 212
127 263
148 32
169 242
175 346
188 29
194 112
197 64
208 164
243 58
246 39
251 25
252 238
256 359
263 395
278 402
283 360
284 271
294 417
295 119
299 494
309 289
315 420
325 321
356 182
360 273
361 485
363 430
387 184
401 456
427 44
431 170
441 4
446 270
450 87
453 151
455 47
461 294
470 213
474 356
475 404
43 239
136 75
187 32
195 242
213 112
223 197
244 164
277 64
280 212
308 346
309 58
311 359
324 238
331 289
333 39
340 29
347 283
355 119
372 430
373 321
375 395
402 420
405 25
408 402
419 494
434 51
442 360
466 184
468 44
480 273
494 47
86 136
221 55
235 239
246 112
282 64
318 75
337 58
346 164
353 283
370 212
378 359
386 304
394 346
400 242
415 238
436 420
443 321
444 430
471 119
479 197
483 402
490 360
4 191
5 10
10 293
12 312
13 380
16 27
16 40
17 50
18 361
19 20
20 134
25 8
25 71
26 490
34 461
35 22
38 14
40 542
41 7
42 326
53 155
55 372
58 218
64 131
68 139
71 81
73 288
74 110
76 63
78 24
80 72
83 275
85 533
110 307
118 330
120 280
122 407
123 76
124 57
124 332
129 549
140 491
141 425
146 309
147 113
150 310
154 15
154 322
156 246
169 45
178 534
189 327
193 227
199 88
205 458
219 507
227 183
233 245
234 524
236 137
238 543
239 351
242 358
247 465
248 102
253 333
259 255
263 132
269 231
274 502
276 114
276 347
284 118
287 483
317 223
332 399
336 315
341 352
344 355
345 79
357 486
359 236
361 185
364 539
382 23
389 464
391 224
392 66
403 121
414 471
417 34
429 261
435 336
456 335
484 492
491 448
495 342
1 220
3 38
24 267
30 60
36 31
41 159
44 22
47 14
49 312
50 244
56 19
61 155
62 490
67 459
76 391
77 134
77 165
85 461
90 288
99 131
115 372
121 13
127 139
133 24
145 533
150 330
153 549
157 20
161 491
165 293
171 275
172 56
181 280
183 534
191 307
193 412
194 110
203 71
209 513
215 147
231 116
266 322
279 200
290 180
295 333
303 542
310 10
315 88
328 8
338 72
338 255
339 327
342 380
344 118
349 113
350 332
354 63
355 303
356 241
375 132
380 183
382 458
391 296
400 185
406 305
420 34
420 407
434 261
445 358
448 399
450 361
454 336
476 114
489 99
492 310
493 15
1 154
4 166
27 43
46 220
69 22
72 167
88 267
111 38
135 459
149 14
160 490
163 13
173 24
183 244
185 165
189 443
197 377
199 412
212 513
224 549
225 353
227 330
229 533
250 225
253 155
255 461
259 293
269 9
283 131
296 74
317 20
319 424
320 10
323 110
326 307
334 320
343 467
354 134
365 19
369 288
370 60
372 322
377 88
380 139
384 372
388 63
388 132
389 116
390 8
396 241
397 200
398 275
406 255
407 491
410 458
424 380
426 185
429 31
436 302
437 534
447 280
452 72
459 296
466 361
467 358
3 485
9 417
28 213
53 166
70 220
82 182
91 43
96 271
101 87
106 267
114 38
117 263
150 294
161 22
164 270
180 490
185 24
204 244
206 4
210 456
228 353
231 533
232 154
262 225
270 14
288 459
293 443
297 167
302 74
311 165
322 330
335 314
352 170
373 20
385 372
386 10
390 461
394 288
395 549
401 139
404 320
426 491
430 131
444 134
449 467
453 293
457 132
479 155
481 356
485 380
486 88
487 151
488 307
493 322
496 377
14 184
67 417
78 273
102 485
122 182
123 38
125 220
132 87
133 267
158 166
174 271
175 43
198 490
200 22
205 395
207 294
233 244
237 213
257 44
264 32
265 154
267 25
271 263
274 353
285 14
307 167
310 24
337 39
339 443
367 494
379 20
382 225
399 4
403 459
412 10
427 491
469 330
473 170
485 131
496 533
2 129
4 370
13 325
14 541
15 413
21 17
24 248
26 265
36 455
37 254
39 6
47 41
48 11
48 117
52 523
53 457
58 319
59 274
65 199
66 345
72 298
73 70
75 453
76 381
82 120
84 324
87 35
89 28
90 16
92 374
95 204
100 178
100 279
105 495
108 519
112 403
119 168
119 177
128 108
131 384
137 375
139 376
140 362
141 196
143 206
145 61
146 262
148 514
152 207
158 222
162 487
190 84
191 468
201 520
213 269
219 190
222 419
224 462
234 540
250 450
272 89
286 138
305 18
327 195
333 535
349 418
363 115
366 257
383 368
384 431
395 93
398 237
421 259
430 529
461 65
462 90
17 27
18 413
19 40
21 236
22 370
22 425
25 224
28 79
29 464
31 243
43 231
49 45
51 315
57 7
61 245
69 265
81 319
83 57
89 227
102 23
103 178
106 374
118 102
128 6
132 117
138 524
142 448
147 35
148 108
151 514
159 70
159 324
161 335
166 66
167 191
171 223
176 362
180 274
181 168
188 355
196 279
197 539
200 487
209 326
215 298
222 262
226 121
239 455
243 129
248 381
251 199
254 375
255 352
273 17
281 468
289 502
294 204
301 457
306 16
311 309
316 138
321 520
322 507
328 543
338 41
342 206
347 373
353 81
354 519
358 345
360 61
365 453
368 84
369 483
379 486
381 325
387 190
393 248
408 28
415 120
417 93
418 351
419 465
425 535
428 115
460 218
461 18
473 419
475 76
477 376
492 254
8 15
32 40
39 3
45 261
51 370
68 336
78 231
79 79
91 183
97 71
102 159
104 113
107 178
109 7
110 542
121 327
130 399
144 319
149 425
153 227
163 236
168 23
173 45
180 34
186 312
201 35
211 117
216 315
220 305
230 108
235 355
244 524
246 99
249 332
258 168
267 381
273 66
281 455
282 199
297 191
298 374
301 335
304 6
306 487
312 464
331 70
343 514
357 121
359 245
374 333
377 352
396 147
402 502
406 448
416 61
422 17
425 298
431 179
439 457
442 265
443 114
448 279
450 84
452 56
455 507
456 16
464 413
471 262
478 41
480 190
481 483
2 424
11 404
12 534
19 200
34 63
40 116
42 513
84 280
86 255
88 79
92 15
98 231
122 336
134 370
136 458
154 319
156 399
170 358
172 60
177 327
206 178
218 3
240 159
241 23
247 7
252 227
253 302
256 8
258 261
259 315
263 275
272 524
284 183
286 185
289 332
291 40
300 71
316 487
317 108
325 110
329 19
344 6
345 168
348 35
350 34
351 542
353 455
362 296
376 333
378 117
383 99
388 412
390 352
392 425
398 199
401 361
425 66
427 298
432 70
446 245
447 355
475 13
477 312
483 464
486 17
488 374
3 165
5 293
16 134
20 549
26 288
37 63
65 47
74 461
88 116
97 467
104 231
105 280
131 200
165 424
168 79
184 74
192 358
201 319
221 178
229 3
240 132
249 380
270 227
279 315
287 524
288 23
300 370
303 458
304 255
305 15
313 183
314 8
324 29
326 40
329 456
332 270
333 261
334 534
346 159
356 168
364 327
365 455
380 336
394 487
403 34
405 412
407 302
410 404
418 35
421 199
423 7
432 356
433 372
434 139
435 275
441 185
446 332
449 542
458 60
465 19
468 245
469 108
476 307
482 320
495 298
7 256
8 516
9 181
10 251
15 194
23 344
27 135
30 100
33 441
38 378
45 106
46 379
63 146
71 158
86 36
99 498
108 235
125 526
130 472
144 201
182 216
203 281
292 521
320 511
332 258
358 77
362 301
366 440
419 226
428 339
437 382
451 409
466 438
489 414
494 423
29 89
33 251
42 257
44 347
54 194
57 541
60 379
62 65
62 177
63 378
66 495
70 441
79 431
81 222
87 256
93 106
93 237
94 344
95 471
103 368
112 516
116 540
117 196
131 418
139 269
160 36
174 529
189 181
194 450
237 235
261 146
262 472
321 403
330 523
381 342
424 137
442 207
453 498
455 201
460 281
463 511
470 226
31 324
35 251
56 76
60 362
80 81
80 441
85 541
107 177
113 89
113 194
115 237
115 347
116 28
126 378
126 431
129 115
132 254
137 543
142 379
143 222
147 65
151 495
152 256
155 471
157 407
159 325
164 106
167 118
169 257
171 274
176 453
178 345
179 368
188 196
190 516
195 468
198 344
199 375
207 540
213 36
215 418
228 204
239 18
257 419
266 520
270 269
290 519
296 450
313 309
319 472
340 310
385 235
391 218
420 351
422 465
6 335
6 448
23 45
55 16
75 265
96 457
120 251
127 84
138 483
155 194
175 381
179 89
179 177
186 441
187 378
200 237
202 347
202 407
204 543
210 28
211 431
214 344
214 453
216 190
217 541
218 65
220 379
221 222
223 118
225 471
226 262
234 502
236 507
238 274
247 257
248 121
252 324
255 279
256 495
261 516
264 325
266 540
271 81
276 368
280 468
291 9
302 514
304 72
308 76
309 115
318 254
323 113
369 256
371 236
387 418
395 36
396 520
404 18
413 179
418 191
423 345
426 375
459 419
472 241
474 106
478 519
485 269
495 218
79 16
123 13
135 296
153 117
181 251
183 99
184 381
191 333
195 448
217 6
225 17
230 457
242 71
251 190
260 45
260 89
268 347
275 194
275 431
278 70
278 471
282 65
283 84
294 177
295 378
299 541
307 28
308 155
314 379
315 399
319 222
320 81
327 9
330 441
335 262
336 335
337 237
340 325
341 368
342 483
346 425
348 257
351 374
359 118
367 121
371 468
374 274
374 407
375 453
393 265
397 72
404 279
409 312
411 516
412 540
414 344
414 514
416 110
429 254
433 502
435 324
438 355
438 507
439 418
440 464
441 256
443 513
451 495
463 520
464 66
482 76
487 115
7 62
30 175
32 230
35 299
48 300
59 318
101 447
152 460
163 482
182 484
192 489
207 496
208 501
208 503
212 528
224 531
236 550
244 11
245 50
245 62
258 77
265 135
265 158
268 90
277 100
279 175
285 195
292 246
293 216
293 230
298 258
310 259
312 299
324 300
325 301
343 318
347 339
355 382
357 384
362 409
363 414
368 423
370 438
372 440
373 447
376 460
377 482
378 462
385 484
386 489
399 492
399 496
400 501
407 503
408 521
413 525
415 526
436 528
437 531
444 550
440 11
445 27
447 50
452 57
454 62
456 77
457 90
457 93
458 100
462 102
463 120
464 135
465 129
465 138
467 146
467 158
468 137
470 175
471 180
472 181
476 195
479 201
480 206
483 207
484 216
484 223
486 224
487 246
488 243
490 248
490 258
491 259
492 226
493 230
494 281
