55 547
97 371
481 30
113 547
143 371
135 547
23 385
32 411
74 329
81 394
90 545
144 33
160 317
238 475
242 26
321 388
325 308
372 313
395 442
402 189
411 452
440 430
75 411
230 385
235 317
260 394
281 475
335 33
384 30
404 329
427 189
87 411
223 371
261 385
268 394
323 317
403 33
429 329
184 411
363 385
368 547
386 394
459 317
244 411
412 385
494 317
6 9
7 242
8 47
13 420
14 82
16 46
28 51
31 95
33 417
36 64
60 321
92 1
93 68
130 428
198 164
216 24
218 233
243 185
291 456
292 83
301 343
312 31
316 56
330 422
348 101
350 159
358 499
389 145
393 377
432 283
448 200
455 32
474 3
490 75
495 432
20 442
67 242
112 452
120 417
137 64
158 1
165 308
168 26
217 428
227 46
234 545
296 82
314 233
327 68
342 313
373 321
462 95
35 442
42 189
52 30
252 475
257 26
269 242
280 1
290 428
297 545
336 452
355 46
408 68
416 313
424 308
443 321
1 329
63 30
108 442
126 371
229 189
295 475
343 545
439 1
446 33
457 428
458 452
69 30
122 442
175 329
192 371
202 394
211 547
379 189
415 475
480 1
483 545
485 428
5 470
9 451
11 467
15 25
17 197
18 136
29 289
34 182
37 58
39 372
41 74
46 436
51 350
56 4
58 330
61 400
71 81
72 44
76 473
82 360
83 171
84 22
91 43
95 87
98 99
104 366
105 353
107 178
109 12
116 29
127 142
139 19
141 2
142 215
145 263
154 533
156 13
160 282
162 96
164 424
171 294
174 395
176 15
180 271
186 111
194 513
197 427
199 103
203 71
204 60
206 38
212 180
225 170
233 183
249 534
250 270
254 268
262 356
263 98
264 276
277 292
285 34
305 72
307 27
318 125
320 134
328 162
329 213
346 85
347 307
356 249
357 278
364 133
375 132
383 57
388 97
390 322
391 305
397 310
405 102
413 448
417 334
419 269
421 137
422 546
447 280
460 506
475 234
477 542
482 387
489 391
493 443
21 24
49 136
57 451
64 197
64 420
66 430
86 400
88 350
94 473
101 470
117 99
136 58
146 200
166 22
190 422
200 75
208 182
209 377
213 159
232 47
240 215
253 467
258 282
266 372
273 171
275 534
283 360
294 164
313 170
333 87
344 533
351 436
359 183
365 213
371 395
377 271
401 178
406 29
423 134
434 142
437 283
438 38
461 294
466 388
469 145
470 424
478 542
487 432
491 448
4 64
59 451
100 24
111 417
128 82
140 350
150 200
153 136
157 197
182 470
183 420
228 233
255 22
265 75
272 58
278 422
288 430
339 282
370 182
376 395
382 400
387 467
430 87
433 29
454 171
486 372
488 473
496 533
4 26
22 313
65 451
85 64
161 68
178 136
189 350
220 82
237 200
256 233
286 308
299 422
310 24
345 46
349 58
385 182
395 470
409 430
418 22
425 400
449 417
464 75
496 467
103 33
147 64
155 451
196 136
311 350
337 422
381 452
400 233
420 430
428 26
442 58
451 24
472 200
479 82
2 205
3 118
10 444
14 450
19 8
19 40
26 79
27 255
30 207
34 461
40 221
40 351
41 314
43 225
44 536
45 113
45 524
47 468
48 260
49 42
50 407
53 191
54 295
57 325
62 17
73 6
77 231
78 66
80 63
89 28
92 333
99 93
110 369
118 110
119 228
121 315
121 375
132 298
135 296
141 5
146 535
148 265
149 399
151 446
152 479
156 288
163 492
167 254
170 21
179 510
180 173
181 35
191 199
193 367
196 124
201 349
205 312
210 92
214 511
226 274
231 439
233 41
236 525
239 515
243 190
250 340
272 7
276 104
287 147
289 155
293 437
298 208
302 335
306 151
309 218
313 380
315 184
316 358
317 264
322 65
324 472
326 195
331 397
332 425
334 393
341 230
357 477
361 418
365 455
366 434
373 474
382 520
389 192
392 464
401 354
435 140
441 429
450 250
471 512
476 544
3 43
25 8
45 25
48 255
52 96
58 162
59 330
60 249
62 295
73 234
79 79
89 366
96 74
97 2
98 42
102 40
105 280
106 98
114 468
117 125
120 231
122 461
125 276
129 13
131 292
133 63
134 315
138 4
149 228
151 444
154 15
177 6
196 113
215 221
219 35
219 173
221 205
222 81
245 31
247 546
251 132
271 263
280 298
282 110
284 274
338 3
342 278
346 524
352 296
362 19
367 184
369 17
374 111
375 71
384 474
398 367
420 455
429 218
440 446
443 358
445 51
449 92
452 208
465 85
467 225
473 375
484 83
492 101
16 178
20 134
26 271
69 249
71 145
90 96
116 170
125 47
159 43
161 231
169 444
173 183
182 280
183 294
184 74
190 42
195 15
200 461
201 295
214 63
218 315
241 221
241 255
246 542
259 205
264 40
273 263
331 99
344 6
378 79
408 228
419 276
453 436
461 125
469 85
490 98
491 111
5 171
68 473
70 533
109 96
113 420
118 321
124 249
188 29
199 294
207 231
224 280
254 255
258 461
259 42
282 295
296 87
308 43
308 221
319 205
328 315
333 282
385 372
431 170
442 145
462 15
463 542
11 182
12 68
28 171
66 313
70 400
92 470
130 96
136 321
148 420
191 417
229 533
265 231
267 255
313 43
341 75
355 467
366 315
377 249
380 294
390 461
399 29
434 282
464 280
3 236
4 163
8 150
9 108
9 181
10 251
10 463
12 53
13 61
15 194
15 363
17 114
18 223
19 80
20 516
22 284
22 357
24 16
30 507
31 157
33 370
33 398
36 518
38 382
42 237
43 469
53 519
56 379
63 423
75 226
77 342
78 177
80 441
88 106
95 217
97 453
104 129
104 257
107 401
123 193
141 502
144 122
150 514
153 77
156 126
164 196
166 299
167 403
168 311
170 332
172 484
189 415
192 128
197 156
203 347
204 543
208 158
209 529
216 489
230 431
231 523
235 36
242 471
269 408
281 91
305 188
321 550
329 216
334 48
338 198
348 440
356 373
370 466
377 539
390 235
393 206
397 445
403 526
423 476
424 500
432 478
441 527
451 243
465 109
2 260
24 44
25 434
27 510
37 333
44 251
47 16
53 340
54 7
60 34
61 65
65 190
65 463
69 97
72 118
76 312
81 284
82 427
88 72
91 398
94 270
105 124
106 437
108 150
115 441
119 370
121 163
127 443
128 177
129 60
130 5
131 516
140 236
142 53
147 217
157 185
158 28
161 9
162 356
177 199
177 335
178 268
195 80
198 469
199 257
210 104
210 363
212 254
213 192
218 155
221 269
236 32
244 108
249 450
250 499
253 265
254 456
257 288
262 472
263 307
270 507
271 322
274 349
274 502
275 513
277 519
286 194
287 353
289 237
299 514
300 264
303 380
306 157
312 357
318 334
322 379
325 399
328 543
348 310
350 56
351 407
353 61
354 325
360 103
369 393
391 425
394 151
396 106
416 453
417 66
418 122
425 36
430 418
431 191
431 429
439 464
444 512
446 518
460 311
474 196
475 93
481 347
12 8
24 159
27 25
36 455
48 132
49 434
50 16
51 534
79 260
80 446
93 333
93 546
95 162
99 2
126 97
127 251
128 17
129 298
132 284
137 13
140 65
144 118
154 370
166 524
169 340
181 163
184 217
185 398
186 312
193 150
205 35
206 142
209 173
211 367
213 510
215 427
221 38
222 469
225 4
247 257
248 448
252 463
256 437
267 9
267 274
270 441
273 443
279 330
282 60
292 44
307 270
319 95
320 516
327 278
332 296
349 34
359 225
362 101
364 190
371 28
371 215
383 80
383 335
387 104
402 155
410 356
411 92
414 288
420 32
436 363
438 424
450 234
455 236
455 456
456 325
466 3
470 468
471 432
482 268
483 113
485 177
487 375
493 71
493 514
1 134
47 444
52 455
70 16
84 276
99 85
102 25
102 159
115 79
119 534
132 8
133 132
136 74
138 446
155 162
169 434
174 251
178 284
180 370
182 546
198 2
205 524
208 163
217 260
222 217
227 63
228 97
246 510
261 257
264 183
277 13
284 35
291 40
294 99
301 333
309 395
314 298
315 6
323 65
324 17
336 312
340 448
342 463
344 111
356 142
358 340
367 271
368 398
374 118
376 367
409 125
414 437
422 150
435 38
435 173
444 441
453 427
454 274
460 330
463 443
468 9
476 44
46 22
57 444
61 134
66 455
74 542
123 16
145 276
160 534
167 85
171 434
176 25
176 159
216 79
234 251
239 162
246 132
251 260
262 8
271 205
283 284
286 74
287 221
289 546
293 370
294 524
304 446
304 510
323 163
343 15
352 170
359 13
363 340
378 40
380 2
388 63
389 257
396 333
414 395
415 448
427 42
428 463
464 6
473 17
481 87
1 62
2 100
5 176
6 246
6 258
7 281
7 287
8 300
11 306
13 318
14 323
16 383
17 409
18 447
21 460
21 482
23 501
23 528
25 531
26 548
28 12
29 21
29 27
30 41
31 48
32 57
32 62
34 77
35 91
35 100
37 102
38 109
38 114
39 126
39 128
40 129
41 133
42 137
43 140
44 147
46 156
50 158
51 176
54 180
55 181
55 188
56 193
58 195
59 198
62 206
63 207
64 216
67 223
67 226
68 230
68 235
71 243
72 246
73 250
74 258
75 281
76 287
77 289
78 299
79 300
81 305
82 306
83 314
83 318
84 323
85 332
85 342
86 343
86 351
87 354
87 369
89 373
90 382
91 383
94 387
96 391
96 397
98 401
100 403
100 408
101 409
101 415
103 423
103 431
106 439
107 440
108 445
109 447
110 460
110 466
111 471
111 476
112 477
112 478
113 479
114 482
114 484
115 489
116 492
117 500
118 501
120 506
122 511
123 515
124 520
124 523
125 525
126 526
131 527
133 528
134 529
134 531
135 535
137 536
138 539
139 544
139 548
142 550
143 5
143 7
145 12
146 19
147 21
148 27
149 31
150 36
151 41
152 48
152 51
153 53
155 56
157 57
158 61
159 62
159 66
162 72
163 77
163 81
164 83
165 91
165 93
168 100
170 102
171 103
172 106
172 108
173 109
173 110
174 114
175 122
175 124
179 126
179 128
181 129
183 133
185 137
185 140
186 147
187 151
187 156
187 157
188 158
188 164
189 176
190 180
191 181
192 184
193 185
194 188
194 191
195 192
197 193
200 194
201 195
202 196
202 198
203 199
204 206
206 207
207 208
207 213
211 216
212 218
214 223
215 226
217 230
219 235
220 237
220 243
223 246
223 250
224 254
224 258
225 264
226 265
226 269
227 281
228 283
229 287
230 289
231 292
232 299
232 300
233 305
234 306
235 307
236 310
237 311
237 314
238 318
238 322
239 323
240 332
240 334
241 342
242 343
243 347
244 349
245 351
245 353
247 354
248 357
248 358
249 360
251 366
252 369
253 373
255 377
255 379
256 380
257 382
258 383
259 387
260 388
260 391
261 393
263 397
265 399
266 401
266 403
268 407
268 408
269 409
270 415
272 418
274 423
275 425
276 429
276 431
278 439
278 440
279 445
279 447
280 450
281 453
283 460
284 464
285 466
285 471
288 472
288 474
290 476
290 477
291 478
292 479
293 482
295 484
295 489
296 492
297 499
297 500
298 501
298 502
299 506
300 507
300 511
301 512
302 513
302 515
303 518
303 519
304 520
305 523
306 525
307 526
308 527
309 528
310 529
310 531
311 535
311 536
312 539
314 543
315 544
316 548
317 550
317 3
318 4
319 5
320 7
321 12
322 19
324 21
325 27
326 28
326 31
327 32
329 34
330 36
330 41
331 47
332 48
333 51
334 53
335 56
335 57
336 60
337 61
337 62
338 66
339 71
339 72
340 77
340 80
341 81
343 83
345 91
345 92
346 93
347 95
347 98
349 100
350 101
351 102
352 103
353 104
353 106
354 108
354 109
355 110
357 113
358 114
360 122
360 124
361 126
361 128
362 129
363 133
364 137
365 140
366 147
367 151
368 155
369 156
370 157
372 158
372 164
373 176
374 177
375 178
376 180
378 181
379 184
379 185
380 188
381 190
381 191
382 192
384 193
385 194
386 195
386 196
387 197
388 198
391 199
392 206
392 207
393 208
394 213
394 215
395 216
396 218
397 223
398 225
398 226
399 228
399 230
400 234
400 236
401 235
402 237
403 242
404 243
404 246
405 250
405 254
406 258
406 263
407 264
407 265
407 268
408 269
409 270
410 278
410 281
411 283
412 287
412 288
413 289
413 292
415 296
416 299
417 300
418 305
419 306
421 307
421 310
422 311
423 314
424 318
425 322
426 323
426 325
426 332
427 334
428 335
429 342
430 343
432 347
433 349
433 351
434 353
436 354
436 356
437 357
437 358
438 360
439 363
440 366
441 369
442 373
443 375
444 377
445 379
445 380
446 382
447 383
447 387
448 388
448 391
449 393
450 397
451 399
452 401
452 403
453 407
454 408
456 409
456 415
457 418
457 423
458 424
458 425
459 429
459 431
461 432
462 436
463 439
465 440
466 445
467 447
467 450
468 453
468 456
469 460
470 464
471 466
472 468
472 469
473 471
474 472
475 474
476 476
477 477
477 478
478 479
478 482
479 484
479 489
480 492
480 499
482 500
483 501
484 502
484 506
485 507
486 511
486 512
487 513
488 514
488 515
489 516
489 518
490 519
491 520
492 523
492 525
494 526
494 527
495 528
495 529
496 531
