114 481
114 244
114 430
193 329
193 350
193 451
303 238
303 350
303 356
134 317
134 417
134 290
162 481
162 417
162 238
352 33
352 400
352 13
361 29
361 273
361 267
431 405
431 75
431 167
25 481
25 407
25 8
43 481
43 64
43 43
52 317
52 350
52 44
54 545
54 329
54 3
61 26
61 290
61 267
68 94
68 271
68 149
109 337
109 420
109 7
111 481
111 49
111 182
165 33
165 110
165 43
232 405
232 75
232 49
241 103
241 485
241 43
267 25
267 400
267 58
287 160
287 350
287 31
328 143
328 22
328 81
364 452
364 136
364 327
410 33
410 244
410 350
416 33
416 317
416 170
450 317
450 165
450 346
460 26
460 499
460 533
1 317
1 154
1 220
21 94
21 149
21 117
24 33
24 79
24 41
38 67
38 14
38 288
56 405
56 499
56 167
65 371
65 49
65 461
77 329
77 149
77 166
103 313
103 134
103 420
119 545
119 290
119 71
133 94
133 267
133 212
140 143
140 329
140 225
141 428
141 87
141 99
149 475
149 358
149 417
150 26
150 200
150 294
178 400
178 321
178 136
194 67
194 112
194 10
203 547
203 71
203 267
205 290
205 337
205 131
210 371
210 296
210 182
254 337
254 400
254 165
257 545
257 263
257 14
331 26
331 289
331 6
336 452
336 94
336 244
348 337
348 49
348 330
354 136
354 545
354 116
379 149
379 75
379 428
382 160
382 23
382 43
392 29
392 60
392 239
420 530
420 238
420 25
430 428
430 63
430 314
432 149
432 353
432 545
449 337
449 55
449 420
2 451
2 10
2 167
11 212
11 371
11 184
13 428
13 244
13 24
22 452
22 370
22 24
36 136
36 56
36 304
41 49
41 32
41 132
50 475
50 329
50 283
64 475
64 412
64 131
66 547
66 64
66 267
70 451
70 220
70 304
83 136
83 227
83 6
91 26
91 25
91 38
92 530
92 273
92 304
98 3
98 75
98 290
125 428
125 220
125 24
128 547
128 184
128 70
136 67
136 75
136 458
138 313
138 255
138 491
145 452
145 244
145 20
156 313
156 243
156 399
157 160
157 20
157 112
164 371
164 265
164 9
166 530
166 9
166 76
172 421
172 499
172 17
196 421
196 166
196 66
199 103
199 280
199 288
206 38
206 400
206 178
226 499
226 15
226 346
227 452
227 212
227 185
231 273
231 116
231 14
235 547
235 530
235 491
243 405
243 58
243 129
246 475
246 112
246 220
252 371
252 43
252 425
269 51
269 405
269 231
280 451
280 212
280 116
284 103
284 485
284 99
290 160
290 180
290 380
298 164
298 451
298 4
308 346
308 25
308 294
326 499
326 242
326 16
346 164
346 112
346 6
355 143
355 459
355 420
394 94
394 271
394 549
402 239
402 420
402 296
405 103
405 296
405 25
408 67
408 270
408 294
409 547
409 443
409 134
439 112
439 239
439 15
469 184
469 200
469 116
481 304
481 213
481 84
3 38
3 485
3 165
4 530
4 183
4 327
5 331
5 271
5 319
18 64
18 200
18 45
27 164
27 166
27 255
55 475
55 372
55 385
58 421
58 147
58 58
69 331
69 22
69 265
71 3
71 263
71 322
84 164
84 280
84 131
90 3
90 44
90 417
95 143
95 39
95 159
155 184
155 39
155 14
158 273
158 64
158 28
161 490
161 491
161 335
168 3
168 242
168 227
169 242
169 45
169 14
176 143
176 417
176 458
177 271
177 359
177 455
185 67
185 165
185 24
218 55
218 549
218 74
219 64
219 160
219 495
220 421
220 372
220 47
228 55
228 321
228 4
229 47
229 154
229 330
240 313
240 32
240 491
248 22
248 213
248 65
263 395
263 55
263 139
274 485
274 502
274 353
281 55
281 58
281 10
297 421
297 263
297 184
302 314
302 29
302 294
305 47
305 333
305 402
313 170
313 197
313 288
321 9
321 360
321 519
335 44
335 99
335 102
340 29
340 167
340 220
344 29
344 355
344 549
345 356
345 79
345 168
349 103
349 113
349 273
360 164
360 485
360 542
367 58
367 494
367 271
369 20
369 262
369 167
372 313
372 10
372 34
391 19
391 179
391 194
411 44
411 513
411 170
415 359
415 4
415 8
426 185
426 491
426 165
434 51
434 261
434 346
436 44
436 320
436 212
459 304
459 9
459 225
466 4
466 345
466 358
471 119
471 10
471 4
477 263
477 87
477 114
486 321
486 20
486 131
489 151
489 197
489 280
493 359
493 395
493 461
496 239
496 377
496 533
8 9
8 63
8 197
10 197
10 346
10 15
14 24
14 242
14 74
15 238
15 47
15 413
28 51
28 110
28 248
40 356
40 116
40 79
45 119
45 182
45 315
46 430
46 360
46 255
49 87
49 490
49 45
63 87
63 430
63 131
73 309
73 330
73 166
86 22
86 319
86 166
87 22
87 15
87 319
89 239
89 19
89 467
93 119
93 321
93 8
94 32
94 39
94 8
100 197
100 121
100 385
107 456
107 246
107 134
110 31
110 7
110 115
117 99
117 261
117 303
118 213
118 430
118 168
121 39
121 13
121 327
124 27
124 332
124 182
127 263
127 13
127 231
129 51
129 549
129 13
130 238
130 227
130 15
154 51
154 293
154 63
170 39
170 114
170 154
173 283
173 60
173 315
197 13
197 507
197 356
233 47
233 223
233 245
237 314
237 213
237 533
250 270
250 225
250 269
259 255
259 293
259 467
262 242
262 361
262 430
264 331
264 32
264 288
271 356
271 255
271 8
273 294
273 154
273 6
286 213
286 23
286 34
288 119
288 459
288 23
294 395
294 99
294 32
296 74
296 549
296 424
299 119
299 333
299 6
306 459
306 513
306 31
307 38
307 19
307 302
311 359
311 45
311 159
322 225
322 185
322 118
323 87
323 110
323 402
325 321
325 7
325 424
329 456
329 19
329 424
332 270
332 305
332 288
334 391
334 320
334 183
339 182
339 443
339 327
353 283
353 81
353 455
368 331
368 17
368 79
370 60
370 63
370 370
371 154
371 490
371 40
375 395
375 132
375 370
378 359
378 490
378 16
383 270
383 19
383 28
384 331
384 372
384 424
388 385
388 533
388 23
389 38
389 204
389 225
397 351
397 110
397 533
401 456
401 275
401 60
417 283
417 412
417 113
422 74
422 17
422 159
424 270
424 464
424 487
448 314
448 399
448 279
454 296
454 424
454 63
455 456
455 459
455 16
462 385
462 243
462 459
473 305
473 170
473 333
474 241
474 464
474 183
478 456
478 41
478 45
479 283
479 315
479 23
12 385
12 353
12 65
17 289
17 353
17 245
34 320
34 448
34 458
39 241
39 17
39 231
44 27
44 395
44 490
47 110
47 74
47 16
51 79
51 467
51 370
53 155
53 231
53 457
72 302
72 200
72 35
74 71
74 402
74 231
78 34
78 236
78 461
80 72
80 17
80 324
82 121
82 35
82 542
96 88
96 35
96 16
97 467
97 71
97 534
99 183
99 50
99 40
104 102
104 513
104 319
106 20
106 50
106 28
113 402
113 183
113 40
135 377
135 178
135 199
137 139
137 319
137 375
142 179
142 40
142 89
148 155
148 40
148 108
151 467
151 155
151 132
167 34
167 121
167 36
174 28
174 352
174 280
183 402
183 461
183 117
184 322
184 448
184 35
187 115
187 185
187 227
188 31
188 494
188 70
209 377
209 117
209 487
212 31
212 377
212 7
215 147
215 245
215 35
222 261
222 322
222 28
223 56
223 380
223 34
238 312
238 102
238 534
239 159
239 113
239 56
249 72
249 332
249 113
270 71
270 494
270 134
272 544
272 261
272 487
276 27
276 412
276 134
277 151
277 275
277 60
283 360
283 84
283 117
300 353
300 524
300 177
301 147
301 448
301 61
309 289
309 185
309 457
314 132
314 245
314 61
317 114
317 72
317 222
318 139
318 7
318 261
319 89
319 315
319 155
327 132
327 56
327 251
341 151
341 117
341 457
350 56
350 159
350 487
358 404
358 305
358 419
380 139
380 524
380 298
381 147
381 27
381 89
396 88
396 147
396 72
406 180
406 57
406 227
407 72
407 89
407 190
427 27
427 178
427 298
429 180
429 524
429 455
442 360
442 265
442 302
443 170
443 114
443 380
445 243
445 358
445 65
453 151
453 293
453 66
456 335
456 108
456 155
458 302
458 178
458 468
463 302
463 494
463 374
467 358
467 65
467 325
468 335
468 245
468 190
495 57
495 298
495 455
6 50
6 178
6 57
19 70
19 307
19 11
20 322
20 280
20 36
31 151
31 243
31 89
33 84
33 448
33 139
37 293
37 448
37 61
42 289
42 513
42 257
57 360
57 380
57 541
59 200
59 279
59 275
67 377
67 293
67 108
75 322
75 502
75 457
76 391
76 381
76 312
85 461
85 168
85 190
101 269
101 312
101 534
105 61
105 539
105 524
108 18
108 381
108 519
112 118
112 303
112 108
122 407
122 336
122 36
123 479
123 76
123 224
143 494
143 206
143 108
144 118
144 440
144 190
146 544
146 314
146 65
175 50
175 118
175 368
182 168
182 315
182 251
186 373
186 70
186 344
189 327
189 443
189 93
198 443
198 524
198 191
204 303
204 361
204 543
213 179
213 450
213 378
214 525
214 177
214 347
216 269
216 541
216 534
221 269
221 431
221 514
230 513
230 471
230 190
242 544
242 502
242 487
253 333
253 57
253 514
279 118
279 542
279 251
285 269
285 483
285 199
289 180
289 312
289 502
295 241
295 333
295 380
312 180
312 399
312 412
316 102
316 61
316 199
320 11
320 262
320 81
324 179
324 70
324 254
333 307
333 352
333 251
337 307
337 457
337 121
342 399
342 412
342 84
356 241
356 168
356 36
365 88
365 138
365 455
373 307
373 84
373 379
387 241
387 194
387 256
390 191
390 374
390 81
398 275
398 199
398 237
400 307
400 41
400 347
403 121
403 199
403 358
412 312
412 355
412 113
413 50
413 66
413 251
414 347
414 222
414 441
419 88
419 534
419 137
423 57
423 76
423 418
425 66
425 462
425 298
428 345
428 195
428 514
433 102
433 372
433 177
441 330
441 88
441 41
446 335
446 332
446 458
461 243
461 18
461 274
470 296
470 347
470 222
472 310
472 298
472 381
480 254
480 274
480 541
482 479
482 320
482 236
483 520
483 41
483 472
485 458
485 355
485 177
487 391
487 76
487 344
491 373
491 36
491 404
492 310
492 254
492 265
9 404
9 93
9 194
16 114
16 11
16 332
23 254
23 177
23 431
29 289
29 425
29 332
32 320
32 362
32 542
48 11
48 18
48 370
81 254
81 222
81 516
102 129
102 256
102 378
116 224
116 222
116 540
120 191
120 413
120 275
147 66
147 18
147 336
160 179
160 355
160 344
190 443
190 256
190 450
201 129
201 256
201 516
208 191
208 384
208 381
211 404
211 355
211 381
217 418
217 441
217 472
234 265
234 520
234 274
244 191
244 345
244 256
247 465
247 542
247 257
256 195
256 76
256 379
261 146
261 257
261 471
266 372
266 540
266 418
282 345
282 204
282 279
310 93
310 431
310 344
315 309
315 373
315 483
330 520
330 344
330 507
343 324
343 514
343 347
351 342
351 507
351 404
357 305
357 335
357 93
359 236
359 274
359 418
366 226
366 257
366 450
376 373
376 218
376 11
377 195
377 352
377 81
395 93
395 218
395 453
421 137
421 462
421 418
435 492
435 274
435 324
438 471
438 137
438 453
440 399
440 431
440 472
444 431
444 194
444 483
451 373
451 194
451 450
452 195
452 18
452 201
464 352
464 106
464 483
475 115
475 535
475 120
476 223
476 195
476 471
484 137
484 279
484 62
494 471
494 204
494 520
26 262
26 310
26 120
60 450
60 218
60 495
88 106
88 325
88 378
115 374
115 204
115 441
126 472
126 330
126 520
132 462
132 279
132 62
139 472
139 376
139 425
159 324
159 196
159 368
171 137
171 305
171 336
179 237
179 468
179 62
191 262
191 382
191 62
195 115
195 325
195 541
200 352
200 237
200 441
251 204
251 115
251 541
255 374
255 218
255 516
304 106
304 441
304 62
338 544
338 129
338 419
347 129
347 489
347 90
363 507
363 135
363 77
393 303
393 342
393 502
418 309
418 90
418 235
437 382
437 77
437 100
447 413
447 336
447 77
488 374
488 489
488 77
62 483
62 237
62 540
153 425
153 336
153 90
180 303
180 224
180 516
181 413
181 540
181 158
192 342
192 77
192 175
202 453
202 507
202 90
207 262
207 516
207 90
224 462
224 540
224 100
225 382
225 378
225 100
245 206
245 362
245 100
258 158
258 362
258 100
260 135
260 106
260 181
275 382
275 378
275 106
291 224
291 226
291 120
374 407
374 120
374 207
386 384
386 120
386 216
7 135
7 235
7 138
236 511
236 237
236 135
265 326
265 218
265 135
268 146
268 138
268 230
278 146
278 138
278 258
292 525
292 138
292 259
293 384
293 146
293 281
385 362
385 158
385 146
399 382
399 158
399 299
404 345
404 201
404 158
457 175
457 181
457 300
490 206
490 362
490 407
30 361
30 521
30 175
35 216
35 235
35 175
79 181
79 175
79 301
131 384
131 196
131 181
152 207
152 181
152 318
163 207
163 375
163 339
362 196
362 414
362 201
465 196
465 423
465 201
