184 266
55 30
74 329
113 94
126 172
235 317
260 331
402 189
403 33
261 94
386 172
411 189
494 317
7 242
28 149
67 308
69 290
75 107
92 1
137 64
198 164
200 252
202 143
216 24
254 165
257 26
389 145
416 209
455 32
474 3
490 75
165 308
166 266
180 329
208 107
244 164
249 30
269 242
290 26
480 1
264 94
295 30
434 266
15 25
29 95
30 54
61 136
83 171
91 43
139 19
156 13
161 68
194 174
209 160
212 29
255 22
256 112
313 170
320 134
324 67
329 37
347 119
351 321
358 225
364 12
375 55
420 238
420 350
435 336
460 69
472 200
85 64
103 33
198 290
219 136
310 24
48 1
69 164
100 317
193 329
282 64
118 30
129 94
436 266
15 82
24 239
28 139
40 58
48 260
61 255
75 4
79 79
91 267
92 42
113 49
134 73
156 288
161 166
161 220
180 105
184 51
209 99
219 228
244 182
245 31
254 9
264 40
266 17
266 52
282 186
284 121
287 14
313 5
313 293
320 272
322 65
358 45
362 87
375 71
389 38
399 20
411 304
431 297
433 56
444 313
490 98
40 25
123 143
129 165
194 220
216 68
269 209
287 3
402 49
460 160
472 272
304 68
455 165
474 220
24 85
48 23
55 2
74 219
79 116
92 15
103 96
113 39
118 7
137 340
139 227
156 6
165 154
166 10
184 163
200 177
208 217
212 34
235 16
235 66
244 346
245 131
248 63
248 231
254 117
255 280
256 70
257 28
261 257
284 35
290 8
295 244
303 72
322 53
322 144
329 102
351 27
351 334
362 44
364 46
389 74
392 41
392 97
403 60
416 78
416 237
420 36
431 113
431 232
433 84
434 18
434 294
435 324
436 47
455 132
74 52
248 346
284 267
303 14
304 22
358 96
433 154
480 23
435 346
7 11
7 21
15 48
24 50
28 59
29 57
29 61
30 62
30 76
40 77
55 80
61 81
67 83
67 86
69 88
75 89
79 90
83 92
83 93
85 91
85 100
91 104
100 101
100 103
103 106
118 108
123 109
123 110
126 111
126 114
129 115
134 118
134 120
137 122
139 123
165 124
166 125
180 126
193 127
193 128
194 129
198 130
200 133
202 135
202 137
208 138
209 140
212 146
216 141
219 142
245 147
249 148
249 150
255 151
256 152
257 153
260 155
260 156
261 157
264 158
266 159
269 161
282 162
287 167
290 168
295 169
303 173
304 175
310 176
310 178
320 179
324 180
324 181
329 183
347 184
347 185
362 187
364 188
375 191
386 190
386 192
392 193
399 194
399 195
402 197
403 196
411 198
436 199
444 201
444 202
460 203
472 204
474 205
480 206
490 207
494 210
494 211
