97 371
97 2
97 32
160 30
160 182
160 24
184 411
184 74
184 163
92 1
92 42
92 15
113 547
113 96
113 3
130 82
130 68
130 417
135 313
135 321
135 44
161 317
161 350
161 9
229 189
229 533
229 434
323 385
323 58
323 257
325 308
325 5
325 451
328 317
328 8
328 22
389 145
389 38
389 233
390 164
390 461
390 81
395 442
395 470
395 4
429 329
429 75
429 33
440 394
440 68
440 53
455 334
455 13
455 25
481 30
481 63
481 108
485 428
485 420
485 34
3 43
3 87
3 60
4 317
4 26
4 64
20 329
20 134
20 91
42 189
42 16
42 96
52 475
52 350
52 417
60 430
60 162
60 249
66 197
66 350
66 97
69 385
69 282
69 6
74 329
74 136
74 444
90 545
90 420
90 7
128 82
128 317
128 17
140 1
140 173
140 225
144 452
144 12
144 118
154 411
154 451
154 125
156 171
156 288
156 40
182 136
182 24
182 255
196 317
196 66
196 65
198 164
198 400
198 183
218 24
218 26
218 8
235 394
235 442
235 19
244 411
244 72
244 434
254 268
254 255
254 178
273 263
273 64
273 170
281 475
281 36
281 276
313 170
313 349
313 43
316 31
316 213
316 85
321 388
321 28
321 534
327 68
327 270
327 455
342 308
342 29
342 278
372 313
372 231
372 21
373 321
373 184
373 74
383 27
383 104
383 335
384 371
384 103
384 35
402 189
402 101
402 533
411 452
411 430
411 41
416 313
416 461
416 46
420 422
420 182
420 1
422 546
422 58
422 159
464 442
464 294
464 372
491 411
491 47
491 434
14 428
14 321
14 48
16 46
16 242
16 51
22 313
22 182
22 296
28 479
28 99
28 157
32 411
32 96
32 56
33 75
33 333
33 398
36 1
36 111
36 234
45 475
45 282
45 106
48 1
48 260
48 22
49 64
49 221
49 340
55 547
55 57
55 61
57 428
57 102
57 542
64 197
64 420
64 62
70 33
70 470
70 251
75 164
75 400
75 71
80 79
80 417
80 437
81 385
81 284
81 77
84 22
84 280
84 16
87 442
87 395
87 134
93 68
93 448
93 233
98 64
98 425
98 298
105 99
105 233
105 80
108 329
108 113
108 231
120 417
120 280
120 83
122 75
122 461
122 92
127 294
127 249
127 443
136 58
136 430
136 546
141 366
141 5
141 312
143 371
143 93
143 95
158 451
158 155
158 524
165 308
165 533
165 98
176 15
176 428
176 96
178 136
178 236
178 370
180 329
180 191
180 100
199 271
199 257
199 134
201 64
201 7
201 150
216 24
216 68
216 109
230 394
230 215
230 110
242 26
242 283
242 114
243 185
243 190
243 122
250 456
250 225
250 13
252 475
252 463
252 255
261 385
261 163
261 126
262 356
262 177
262 8
263 307
263 237
263 420
264 276
264 467
264 128
269 242
269 124
269 231
277 289
277 136
277 375
280 221
280 524
280 444
296 82
296 87
296 129
301 343
301 96
301 132
319 205
319 33
319 400
333 162
333 470
333 284
344 533
344 6
344 367
348 145
348 208
348 133
355 46
355 467
355 137
358 499
358 340
358 451
359 183
359 519
359 251
363 547
363 13
363 140
368 547
368 441
368 142
369 350
369 110
369 147
371 282
371 363
371 510
377 442
377 310
377 151
388 97
388 417
388 162
393 377
393 180
393 534
403 33
403 181
403 156
408 428
408 217
408 17
424 242
424 207
424 74
427 452
427 315
427 176
428 26
428 420
428 158
434 75
434 280
434 264
435 200
435 38
435 434
437 283
437 455
437 545
439 25
439 380
439 8
443 321
443 358
443 188
446 189
446 7
446 85
459 394
459 193
459 192
461 136
461 468
461 370
462 95
462 15
462 194
469 145
469 85
469 163
474 3
474 196
474 255
479 82
479 15
479 260
487 371
487 507
487 340
490 360
490 407
490 43
493 334
493 325
493 29
495 432
495 33
495 249
496 30
496 63
496 451
1 22
1 58
1 294
5 470
5 171
5 195
6 456
6 533
6 198
8 424
8 274
8 199
9 283
9 15
9 2
11 422
11 357
11 370
13 103
13 40
13 2
15 47
15 330
15 446
19 391
19 514
19 333
23 385
23 206
23 216
27 43
27 350
27 400
31 95
31 311
31 218
34 182
34 461
34 243
41 322
41 265
41 546
53 22
53 234
53 13
58 353
58 125
58 223
59 200
59 79
59 255
61 400
61 42
61 134
63 30
63 269
63 226
65 475
65 40
65 2
71 81
71 145
71 228
73 351
73 6
73 60
76 473
76 298
76 231
88 6
88 132
88 542
91 43
91 6
91 444
95 87
95 436
95 159
102 159
102 25
102 395
103 4
103 455
103 2
104 366
104 246
104 257
107 178
107 292
107 280
109 408
109 448
109 3
116 29
116 347
116 217
117 99
117 125
117 230
121 315
121 375
121 284
125 371
125 25
125 542
126 394
126 332
126 235
129 430
129 13
129 236
132 312
132 8
132 251
133 63
133 25
133 444
137 35
137 268
137 294
146 200
146 535
146 250
149 399
149 228
149 3
151 502
151 79
151 455
153 99
153 295
153 134
157 197
157 379
157 231
166 75
166 4
166 427
167 26
167 403
167 85
168 545
168 44
168 254
175 35
175 58
175 280
177 313
177 314
177 9
183 35
183 40
183 294
190 30
190 516
190 258
192 547
192 305
192 281
194 513
194 444
194 3
197 95
197 461
197 287
200 182
200 71
200 299
204 388
204 543
204 300
205 42
205 35
205 524
206 38
206 469
206 434
208 282
208 111
208 170
209 377
209 415
209 65
211 321
211 393
211 142
213 159
213 429
213 510
214 387
214 467
214 4
217 82
217 205
217 260
219 42
219 24
219 271
222 142
222 322
222 217
223 197
223 342
223 306
227 46
227 97
227 318
233 427
233 183
233 323
234 545
234 249
234 354
238 422
238 215
238 369
246 542
246 79
246 510
257 545
257 101
257 373
258 282
258 111
258 4
260 422
260 16
260 382
265 125
265 99
265 370
266 372
266 455
266 383
267 9
267 118
267 524
268 422
268 276
268 397
270 17
270 450
270 5
271 263
271 79
271 81
272 7
272 125
272 251
282 42
282 7
282 295
283 360
283 162
283 249
284 173
284 367
284 542
286 233
286 356
286 401
289 98
289 155
289 74
290 233
290 190
290 409
291 456
291 463
291 418
292 479
292 270
292 423
294 164
294 111
294 284
295 197
295 9
295 5
307 544
307 278
307 5
312 31
312 464
312 431
314 97
314 74
314 439
318 71
318 36
318 150
320 47
320 63
320 9
335 189
335 12
335 440
336 452
336 221
336 445
343 155
343 333
343 447
345 46
345 12
345 453
346 85
346 524
346 460
350 159
350 472
350 466
351 436
351 32
351 534
356 142
356 21
356 251
357 278
357 477
357 471
365 213
365 36
365 12
370 66
370 111
370 284
375 132
375 407
375 474
376 164
376 40
376 473
382 506
382 32
382 370
385 29
385 469
385 12
386 430
386 482
386 476
401 289
401 178
401 478
404 63
404 171
404 16
406 103
406 162
406 16
412 467
412 276
412 484
415 34
415 363
415 446
418 142
418 292
418 17
419 283
419 470
419 489
430 87
430 34
430 546
432 308
432 512
432 492
442 19
442 36
442 265
449 467
449 17
449 19
457 132
457 424
457 395
460 506
460 157
460 274
463 19
463 398
463 21
466 388
466 53
466 163
468 44
468 205
468 260
472 200
472 19
472 500
475 234
475 526
475 340
478 27
478 340
478 21
480 132
480 21
480 501
482 511
482 499
482 27
483 534
483 28
483 92
494 283
494 271
494 515
7 242
7 518
7 520
10 448
10 27
10 523
12 38
12 315
12 510
17 95
17 113
17 525
18 38
18 171
18 527
26 113
26 271
26 528
35 171
35 36
35 27
37 395
37 28
37 529
40 351
40 221
40 531
43 60
43 367
43 28
46 436
46 28
46 536
47 468
47 276
47 29
51 205
51 93
51 534
56 353
56 432
56 539
62 271
62 437
62 65
67 242
67 548
67 550
72 263
72 330
72 41
78 66
78 450
78 32
82 360
82 295
82 48
86 295
86 32
86 51
89 61
89 72
89 80
94 473
94 101
94 56
99 439
99 298
99 34
112 452
112 57
112 62
118 71
118 34
118 31
119 228
119 31
119 83
138 31
138 190
138 446
139 499
139 41
139 77
142 215
142 184
142 91
145 335
145 41
145 100
147 228
147 367
147 102
148 502
148 41
148 44
150 200
150 104
150 106
155 72
155 315
155 44
162 263
162 333
162 47
164 424
164 122
164 108
169 47
169 48
169 109
170 103
170 311
170 48
171 427
171 48
171 114
174 395
174 51
174 124
181 367
181 170
181 51
186 473
186 312
186 126
189 60
189 196
189 441
191 180
191 72
191 51
195 72
195 288
195 463
202 92
202 97
202 53
203 250
203 177
203 128
210 92
210 325
210 270
212 369
212 199
212 129
215 298
215 427
215 53
221 205
221 269
221 398
225 432
225 443
225 133
226 173
226 53
226 137
228 87
228 254
228 546
231 191
231 147
231 56
239 185
239 56
239 140
240 215
240 56
240 151
241 221
241 61
241 57
247 61
247 257
247 57
249 92
249 110
249 60
253 101
253 333
253 156
255 469
255 158
255 57
256 184
256 170
256 61
259 315
259 246
259 514
275 254
275 113
275 62
278 254
278 113
278 62
287 216
287 192
287 446
297 308
297 62
297 176
299 101
299 513
299 181
302 335
302 65
302 188
305 110
305 208
305 193
308 65
308 80
308 446
309 218
309 448
309 66
311 83
311 66
311 194
315 185
315 372
315 80
322 516
322 349
322 260
329 347
329 281
329 195
330 183
330 472
330 198
331 387
331 81
331 469
332 399
332 178
332 206
340 448
340 71
340 207
341 299
341 91
341 77
349 269
349 118
349 81
352 296
352 217
352 80
361 254
361 77
361 223
364 305
364 356
364 226
366 108
366 507
366 312
374 295
374 258
374 77
378 93
378 463
378 510
379 103
379 363
379 230
380 83
380 104
380 183
387 155
387 108
387 463
391 478
391 357
391 235
396 122
396 83
396 237
397 515
397 358
397 264
405 102
405 91
405 243
409 173
409 110
409 298
410 145
410 93
410 287
413 263
413 91
413 300
417 334
417 403
417 306
421 492
421 93
421 307
423 151
423 332
423 98
425 360
425 427
425 98
431 163
431 380
431 191
433 180
433 437
433 98
436 190
436 102
436 310
438 270
438 425
438 318
448 314
448 330
448 342
450 343
450 519
450 100
451 228
451 312
451 100
454 118
454 358
454 323
458 151
458 431
458 354
465 102
465 382
465 100
470 424
470 288
470 373
471 199
471 356
471 104
486 372
486 104
486 379
2 118
2 108
2 391
21 173
21 106
21 383
24 184
24 363
24 393
25 322
25 106
25 397
29 289
29 401
29 408
30 511
30 225
30 409
39 372
39 415
39 418
44 536
44 106
44 423
50 407
50 109
50 429
54 124
54 150
54 469
77 473
77 109
77 440
79 181
79 109
79 445
83 250
83 114
83 447
85 129
85 114
85 453
100 436
100 114
100 460
101 177
101 122
101 464
106 151
106 237
106 441
111 129
111 122
111 466
124 218
124 126
124 471
131 292
131 274
131 474
159 529
159 398
159 476
172 484
172 124
172 477
185 443
185 124
185 482
188 155
188 441
188 489
193 129
193 150
193 126
220 349
220 432
220 500
224 126
224 501
224 512
232 215
232 527
232 528
236 525
236 453
236 518
237 330
237 539
237 520
245 325
245 128
245 523
248 128
248 526
248 531
251 157
251 128
251 535
279 516
279 133
279 543
285 199
285 377
285 544
288 349
288 450
288 548
293 437
293 133
293 550
298 208
298 133
298 140
304 137
304 147
304 156
306 184
306 207
306 176
310 181
310 137
310 158
324 472
324 443
324 188
334 307
334 243
334 192
337 307
337 502
337 193
338 264
338 198
338 194
339 147
339 235
339 137
347 307
347 196
347 206
362 499
362 190
362 195
367 310
367 140
367 213
381 140
381 270
381 216
398 147
398 150
398 223
400 185
400 380
400 236
407 156
407 246
407 258
414 468
414 398
414 156
441 353
441 393
441 226
447 196
447 157
447 265
453 436
453 157
453 281
467 213
467 158
467 296
473 375
473 437
473 230
476 391
476 278
476 268
477 223
477 158
477 287
488 180
488 507
488 299
489 387
489 305
489 306
68 207
68 176
68 311
96 180
96 176
96 300
110 351
110 314
110 318
114 468
114 323
114 332
115 441
115 177
115 342
123 181
123 177
123 343
134 217
134 178
134 354
152 479
152 347
152 357
163 492
163 366
163 369
173 191
173 185
173 373
179 288
179 379
179 382
207 188
207 397
207 399
274 199
274 514
274 383
276 325
276 401
276 403
303 349
303 188
303 408
317 208
317 409
317 415
326 474
326 418
326 423
354 288
354 191
354 425
392 399
392 431
392 439
394 195
394 192
394 429
399 195
399 443
399 440
426 192
426 445
426 447
444 380
444 193
444 460
445 525
445 464
445 477
452 264
452 466
452 471
456 325
456 193
456 476
484 289
484 478
484 484
492 208
492 265
492 482
38 489
38 500
38 501
187 196
187 506
187 511
300 513
300 512
300 515
353 523
353 518
353 519
360 535
360 520
360 526
