55 547
97 371
481 30
113 547
143 371
23 385
32 411
74 329
81 394
90 545
135 313
144 33
160 317
238 475
242 26
321 388
325 308
395 442
402 189
411 452
75 411
230 385
235 317
260 394
281 475
335 33
372 313
384 30
404 329
427 452
87 411
223 371
261 385
268 394
323 317
363 547
403 33
429 329
440 475
184 411
368 547
386 385
412 394
459 317
244 411
494 317
6 456
7 242
8 47
13 420
14 82
16 46
28 479
31 95
60 321
92 1
93 68
120 417
130 428
137 64
198 164
216 24
243 185
291 9
301 343
312 31
316 56
330 422
348 145
350 159
358 499
389 432
393 377
432 283
455 32
474 3
490 75
20 442
42 189
67 242
158 1
165 308
168 26
217 428
227 46
234 545
292 456
296 82
327 68
373 321
462 95
495 432
35 442
52 30
112 189
257 26
269 242
280 1
290 428
297 545
336 452
342 308
355 46
408 68
416 313
443 321
1 329
63 30
108 442
126 371
229 189
252 475
343 545
424 33
439 1
446 242
457 428
458 452
69 30
166 442
175 329
192 371
202 385
211 394
275 547
295 475
379 189
480 1
483 545
485 428
5 470
9 451
11 430
15 25
17 197
18 136
29 289
33 282
34 182
37 58
39 372
41 74
46 436
51 350
56 4
58 330
61 400
71 81
72 44
76 473
82 360
83 171
84 22
91 43
95 87
98 99
104 366
105 233
107 178
109 12
116 29
117 200
122 461
127 294
139 19
141 2
142 215
145 263
154 533
156 13
162 96
164 424
174 395
176 15
180 271
186 111
194 513
199 103
203 71
204 60
206 38
212 180
218 34
225 170
233 183
249 534
250 270
253 467
254 268
262 356
263 98
264 276
277 292
305 72
307 27
314 97
318 125
320 134
328 162
329 213
346 85
347 307
356 142
357 278
364 133
375 132
383 335
390 322
391 305
397 369
405 102
417 334
419 472
421 51
422 546
434 249
447 280
460 506
475 234
477 542
482 83
489 387
491 448
493 443
4 64
21 24
49 136
57 451
64 197
64 420
86 400
88 350
94 473
101 430
105 99
111 417
122 75
136 58
146 200
160 282
171 294
182 470
190 422
200 22
208 182
209 377
213 159
228 233
232 47
240 215
266 372
273 263
278 534
283 360
285 34
294 164
313 170
333 87
344 533
351 436
359 183
365 213
387 467
388 97
401 171
406 29
423 134
437 283
438 38
461 271
466 388
469 145
470 424
59 451
66 82
85 64
128 197
140 350
150 200
153 136
157 430
183 417
197 95
255 22
256 233
258 75
265 282
272 58
299 422
310 24
370 182
377 164
385 400
395 470
430 87
449 420
454 171
486 372
487 47
488 473
496 467
496 533
4 26
22 313
65 451
147 64
161 68
178 136
189 350
220 82
237 200
286 233
288 430
337 422
339 75
345 46
371 282
376 417
409 470
415 197
418 22
425 400
442 58
451 24
103 33
155 451
181 64
196 136
311 350
381 452
400 233
420 422
428 26
464 75
472 200
479 82
2 205
3 118
10 444
14 269
19 8
19 40
26 79
27 255
30 137
36 110
36 231
40 221
40 351
41 314
43 225
44 536
45 113
45 524
47 468
48 260
49 42
50 407
53 191
54 295
57 325
62 17
73 6
78 66
80 63
89 28
92 333
99 93
100 173
110 515
117 469
118 228
121 315
121 375
132 298
141 5
146 535
148 265
149 101
151 446
152 207
156 288
163 391
167 254
170 21
179 510
180 274
191 199
193 35
201 349
205 312
210 92
214 492
219 367
231 439
233 41
236 511
243 190
250 340
272 7
273 437
276 104
286 427
287 147
289 155
298 208
306 151
309 218
313 380
315 184
316 358
317 264
322 65
324 450
326 353
331 397
332 399
334 393
338 310
341 299
352 296
357 477
361 418
365 455
366 434
373 474
382 57
389 163
392 425
413 463
435 140
441 124
445 525
448 122
450 250
471 512
476 544
478 114
3 43
16 178
25 8
34 461
45 25
48 255
52 96
58 162
59 330
60 249
73 234
77 231
79 79
89 366
96 74
97 2
98 42
106 98
114 468
119 228
120 280
125 276
129 13
131 125
133 63
134 315
138 4
151 444
154 15
177 6
196 66
196 513
215 221
219 173
221 205
222 142
226 274
239 31
245 56
246 542
247 546
251 132
264 40
280 298
282 35
284 295
293 17
302 9
346 524
348 72
349 269
362 19
367 3
369 110
374 111
375 71
384 184
398 367
420 455
429 218
433 151
443 358
449 92
452 208
465 85
467 225
473 375
484 83
492 101
20 134
26 271
69 249
71 145
90 96
102 159
125 215
161 231
169 444
173 183
182 280
183 294
184 74
190 42
195 15
197 461
214 63
241 221
241 255
259 205
271 263
313 43
314 8
328 315
331 99
344 6
378 79
399 29
401 178
419 276
431 170
434 35
448 330
453 436
463 542
469 85
490 98
491 111
5 171
22 182
68 473
70 533
113 96
124 249
130 420
135 321
188 372
199 294
201 231
207 461
224 280
254 255
259 42
296 87
308 205
354 43
355 467
366 315
377 99
442 145
462 15
12 68
70 400
92 470
123 24
127 58
129 430
136 321
148 420
191 417
198 182
229 533
258 231
265 280
267 255
273 294
301 96
319 205
333 249
341 282
380 43
390 461
444 313
485 467
3 236
4 257
8 150
9 108
9 181
10 251
11 157
11 370
12 53
13 61
15 192
15 363
17 223
18 226
19 80
20 516
24 16
28 311
30 507
31 332
33 398
36 519
38 195
42 237
44 284
54 429
56 194
63 382
66 177
66 441
75 342
77 354
78 217
88 106
88 520
97 453
104 129
107 401
116 347
118 77
128 357
130 379
131 196
141 502
142 464
144 128
150 514
153 126
156 193
159 415
164 539
166 431
167 403
168 471
172 423
177 518
189 529
192 206
203 445
204 543
208 156
216 484
231 489
269 408
281 36
284 466
292 48
305 246
321 523
329 216
334 100
338 198
350 550
356 460
370 526
380 188
383 478
385 91
390 235
393 243
423 440
432 527
446 476
451 158
465 109
2 260
10 333
22 44
24 190
25 434
27 446
27 510
28 427
33 448
37 395
43 469
47 16
53 60
53 340
60 124
61 65
62 118
65 270
65 463
69 312
72 150
80 398
81 251
91 437
94 356
95 113
104 163
106 441
108 516
115 443
116 217
119 284
121 257
129 236
132 370
135 278
140 268
147 177
149 5
149 450
157 363
158 28
161 296
170 108
177 335
178 499
195 80
200 32
209 81
210 104
212 7
213 53
218 155
218 194
221 472
222 322
230 157
235 191
236 237
242 311
244 264
249 507
253 265
257 288
263 199
274 254
274 502
277 519
282 307
287 185
289 334
299 514
300 310
303 349
306 332
312 192
318 407
322 353
325 357
328 543
351 453
353 180
360 51
382 48
387 325
389 380
391 379
394 61
396 122
397 106
403 93
409 393
413 36
417 181
418 196
420 399
424 418
430 429
439 425
441 464
460 347
474 292
475 193
481 431
24 162
47 455
48 25
49 434
50 16
51 534
62 142
76 2
79 260
80 132
82 295
93 40
93 546
99 97
100 298
102 333
102 446
109 448
126 312
127 17
128 398
137 13
140 65
144 118
154 370
159 38
162 4
169 340
174 251
178 524
181 163
185 437
193 125
199 257
200 284
201 150
205 367
206 427
208 217
209 173
210 44
213 510
225 101
248 395
250 60
252 463
254 9
256 441
262 34
267 270
267 274
270 92
270 443
271 81
277 469
278 113
279 516
282 234
307 278
319 190
327 296
332 456
342 335
359 225
362 228
364 356
371 28
371 363
383 104
402 155
408 177
408 432
410 424
411 269
414 80
416 32
425 66
431 3
431 191
440 5
450 236
455 268
456 288
466 53
470 325
482 375
483 377
487 388
493 71
493 468
1 134
12 8
52 444
57 455
70 16
84 276
95 85
99 162
115 25
118 534
125 542
132 74
133 79
136 546
138 132
167 159
169 434
176 221
180 370
184 163
186 2
198 63
205 524
211 35
215 111
216 446
217 260
221 38
222 170
227 97
228 183
234 251
246 510
247 257
264 298
271 284
291 40
294 142
308 65
309 333
315 6
320 118
323 125
324 17
336 312
340 395
342 29
343 448
344 367
349 150
352 217
358 13
359 340
367 271
368 398
369 437
374 173
376 427
378 463
385 441
414 443
422 274
435 295
436 4
438 44
454 330
455 9
460 516
468 178
471 47
476 263
46 22
61 134
74 444
91 455
119 16
133 542
145 276
155 162
160 534
171 434
182 8
239 85
245 159
246 25
251 260
261 163
262 546
283 370
287 79
289 74
293 284
294 251
304 132
304 510
308 524
323 257
363 13
380 2
388 15
396 40
407 221
414 63
415 315
415 333
427 42
428 448
433 6
435 38
436 395
450 340
453 99
457 463
461 65
463 17
464 35
464 170
468 446
473 29
481 87
1 62
2 176
5 230
6 258
6 281
7 287
7 300
8 306
13 318
14 383
16 323
17 409
18 447
21 500
21 501
23 373
23 482
25 528
26 531
29 548
29 12
30 21
31 27
32 41
32 57
34 77
35 62
35 91
37 100
38 102
38 103
39 109
39 114
40 126
41 128
42 129
43 133
44 137
46 140
50 147
51 156
54 158
55 176
55 188
56 195
58 198
59 206
63 216
64 207
67 223
67 235
68 243
68 246
71 258
72 226
73 230
74 250
75 281
76 287
77 289
78 299
79 300
81 305
82 306
83 314
83 318
84 323
85 342
85 343
86 354
86 369
87 382
87 391
89 351
90 373
94 383
96 387
96 397
98 401
100 403
101 408
101 409
103 415
103 423
105 439
106 440
107 445
108 447
109 460
110 466
110 471
111 474
111 476
112 477
112 478
113 479
114 482
114 484
115 489
117 492
120 500
122 501
123 506
123 511
124 512
124 515
126 518
131 520
134 527
134 528
137 523
138 525
139 526
139 529
142 531
143 535
143 536
145 539
146 544
147 548
148 550
150 12
151 19
152 7
152 21
153 27
155 36
157 31
158 41
159 48
162 51
163 56
163 57
164 61
165 62
165 72
166 93
168 77
170 83
171 91
172 100
172 102
173 103
173 106
174 108
175 109
175 110
176 114
179 122
179 124
181 126
183 128
185 129
185 133
186 140
187 137
187 147
187 151
188 156
188 157
189 158
190 176
191 180
192 184
193 188
194 181
194 185
195 192
197 193
202 194
202 195
203 196
204 199
206 198
207 206
207 207
211 208
212 213
214 216
215 218
217 223
219 226
220 230
220 235
223 237
223 243
224 246
224 250
225 254
226 258
226 264
227 265
228 281
229 283
230 287
231 289
232 299
232 305
233 292
234 300
235 306
236 307
237 310
237 311
238 318
238 322
239 314
240 323
240 332
241 334
242 342
243 343
244 347
245 349
247 351
248 353
248 354
249 357
251 358
252 360
253 366
255 369
255 373
256 379
257 380
258 382
259 393
260 383
260 387
261 397
263 399
265 401
266 391
266 403
268 407
268 408
269 409
270 415
272 418
274 423
275 425
275 429
276 431
276 439
278 440
279 445
279 447
280 450
281 453
283 460
284 464
285 466
285 471
286 472
288 474
288 476
290 477
290 478
291 479
292 484
293 482
295 489
295 492
296 499
297 500
297 501
298 502
298 506
299 507
300 511
300 512
301 513
302 514
302 515
303 518
303 519
304 520
305 527
306 523
307 525
309 526
310 528
310 529
311 531
311 535
312 536
314 539
315 543
316 544
319 548
320 550
317 3
317 5
318 7
321 12
322 19
324 21
325 27
326 28
326 32
327 31
329 34
330 36
330 41
331 48
332 53
333 60
334 56
335 51
335 57
336 61
337 62
337 66
338 71
339 72
339 77
340 80
340 81
341 83
343 91
345 92
345 93
346 95
347 98
347 100
348 102
349 104
350 101
351 103
352 106
353 108
353 109
354 110
354 113
355 114
356 122
357 124
358 126
360 128
360 129
361 133
361 137
362 140
363 147
364 151
365 155
366 156
367 157
368 158
369 176
370 164
372 177
372 180
373 184
374 181
375 185
376 191
377 193
378 188
379 190
379 192
381 195
381 196
382 194
384 198
386 199
386 206
387 207
388 208
391 213
392 215
392 216
393 228
394 223
394 225
395 218
396 226
397 234
398 230
398 235
399 236
399 237
400 246
400 250
401 243
402 254
403 258
404 264
404 265
405 268
405 269
406 270
406 278
407 281
407 283
409 287
410 288
410 289
411 292
412 296
412 299
413 300
416 305
417 306
418 307
419 308
421 310
421 311
422 314
423 318
424 322
425 323
426 325
426 332
426 334
427 335
428 342
429 343
430 347
432 349
433 353
434 354
436 351
437 356
437 357
438 358
439 360
440 363
441 366
442 369
443 375
444 379
444 380
445 377
445 382
446 373
447 383
447 387
448 388
449 391
451 393
452 397
452 399
453 401
454 403
456 407
456 408
457 409
458 415
458 418
459 423
459 424
461 425
462 429
463 431
465 432
466 436
467 439
467 440
468 445
469 447
470 450
471 453
472 456
472 460
473 464
474 471
475 466
476 468
477 469
477 472
478 474
478 476
479 477
479 478
480 479
480 482
482 484
483 489
484 492
484 499
485 500
486 501
486 502
487 506
488 507
488 511
489 513
489 514
490 512
491 515
492 520
492 523
494 519
494 526
495 518
495 525
496 527
