1 47
2 12
3 8
4 10
5 5
6 14
7 5
8 14
9 13
10 8
11 8
12 6
13 4
14 8
15 3
16 4
17 6
18 3
19 5
20 2
22 3
23 3
24 3
25 1
26 3
27 3
28 1
29 1
30 4
32 3
33 3
34 4
35 2
36 3
37 1
38 3
39 3
41 1
42 1
43 1
44 4
45 2
46 6
47 2
48 1
49 2
50 2
51 3
52 1
54 1
55 4
56 3
57 2
58 1
59 3
60 2
62 1
63 2
64 1
65 1
66 4
67 2
68 4
69 4
70 1
71 1
72 1
74 3
76 1
78 1
83 2
84 1
85 1
87 1
88 1
90 1
91 2
92 2
93 1
95 3
101 2
103 1
104 1
105 2
109 2
110 2
113 1
114 1
117 1
118 2
119 3
123 1
125 2
127 1
128 3
129 2
132 1
133 1
136 1
155 1
161 1
163 1
168 1
188 1
209 2
