168 481
348 481
460 481
119 545
134 317
155 428
321 499
164 545
8 481
24 481
5 290
6 337
14 94
22 149
23 371
31 33
52 350
54 329
55 475
56 405
94 26
95 547
149 313
216 143
229 452
299 49
1 317
21 94
71 33
77 329
97 371
100 547
125 428
182 290
198 26
203 475
232 405
233 452
240 149
379 337
405 499
428 49
45 317
101 371
108 329
112 33
113 547
114 545
126 94
141 428
205 290
242 26
243 405
314 475
329 452
381 337
416 149
46 317
117 329
118 371
128 547
138 33
176 428
218 94
235 290
257 545
296 405
298 26
336 452
368 475
413 337
135 317
143 371
144 33
228 94
230 547
331 26
364 452
451 475
458 337
2 451
10 160
11 212
18 136
20 530
38 67
58 421
69 331
81 385
89 239
98 3
105 400
129 51
167 359
206 38
212 103
237 314
238 304
264 55
269 242
303 238
323 87
367 164
392 360
402 263
412 430
478 456
32 530
36 136
51 143
65 350
70 451
103 313
136 67
157 160
160 331
172 421
178 400
192 385
223 103
277 51
281 55
302 314
366 304
462 242
477 263
481 430
496 239
13 49
37 530
43 499
63 143
130 451
137 136
156 313
177 350
196 421
220 67
241 103
254 400
260 331
261 385
286 160
307 51
384 304
440 55
448 314
41 49
68 143
75 530
145 149
170 313
173 451
193 350
210 421
219 136
226 499
268 331
271 400
285 67
287 160
301 103
328 385
409 304
459 55
15 405
40 428
47 545
61 329
74 290
84 530
111 49
211 143
231 350
262 313
280 451
288 67
290 160
297 421
306 499
312 103
330 331
351 385
389 149
431 400
9 283
11 321
12 112
17 197
28 147
29 289
34 75
39 271
44 356
49 64
50 4
50 273
59 99
64 32
66 494
72 9
73 29
82 346
83 220
87 417
90 47
91 184
92 58
93 119
99 39
109 244
109 302
110 420
111 225
114 167
120 395
133 25
139 353
142 424
146 377
151 467
158 485
162 154
165 544
166 151
174 182
185 170
186 166
187 165
190 402
204 60
214 479
227 179
241 43
250 44
272 19
273 294
289 74
316 31
322 404
335 213
349 56
350 159
352 13
352 296
360 443
361 267
376 320
383 270
397 180
410 303
411 513
421 459
433 412
439 241
445 243
449 373
469 116
472 200
473 305
482 525
27 164
52 197
54 283
57 112
60 321
67 238
94 32
98 75
107 289
116 29
121 39
124 212
134 417
140 346
162 4
166 64
170 420
177 271
196 166
202 494
209 25
217 359
222 58
232 154
245 360
249 467
254 9
263 395
267 43
274 273
275 119
291 151
292 456
300 184
305 47
313 170
318 294
325 402
326 225
327 485
339 182
345 356
358 404
392 302
393 377
409 443
411 44
417 424
422 74
423 270
424 167
430 87
432 353
438 459
450 544
454 213
474 3
489 479
491 320
7 239
64 197
96 321
104 75
106 283
127 263
148 32
169 242
175 346
184 164
194 112
197 64
243 58
246 39
251 25
252 238
256 359
280 212
283 360
284 271
294 395
295 119
299 494
309 289
315 420
340 29
341 151
356 182
360 273
361 485
363 402
371 154
372 430
375 417
387 184
401 456
427 44
431 170
441 4
446 270
455 47
461 294
470 213
474 356
475 404
43 239
136 75
187 32
195 242
208 164
213 112
223 197
277 64
308 346
309 58
311 359
324 238
331 289
333 39
337 212
347 283
355 119
373 321
386 430
402 420
405 25
408 402
419 494
434 51
442 360
453 151
466 184
468 44
480 273
494 47
86 136
221 55
235 239
244 164
246 112
282 64
318 75
334 242
353 58
370 212
378 359
394 283
415 238
436 420
443 321
444 430
471 119
479 197
483 402
490 360
4 191
5 10
10 293
12 312
13 380
16 27
16 40
17 50
18 361
19 20
20 134
25 8
25 71
26 490
33 14
34 461
35 22
40 542
41 7
42 326
53 155
55 372
58 218
64 131
68 139
71 81
74 110
76 63
76 391
78 24
80 72
83 275
85 533
90 288
110 307
118 330
120 280
122 407
123 76
124 57
124 332
129 549
140 491
141 425
146 309
147 113
150 310
154 15
154 322
156 246
169 45
178 534
188 88
188 483
189 327
193 336
199 115
205 458
219 507
227 183
233 245
234 524
236 137
238 543
239 351
242 358
247 465
248 102
253 333
259 255
263 132
269 231
274 502
276 114
276 347
284 118
317 223
332 399
336 315
344 355
345 79
346 185
346 261
350 352
357 486
359 236
364 539
376 448
382 23
389 464
391 224
403 121
414 471
417 34
435 492
456 335
495 342
1 220
3 38
24 267
30 60
36 31
38 14
41 159
44 22
47 244
49 312
56 19
61 155
62 490
77 134
77 165
85 461
99 131
115 372
121 13
127 139
133 24
145 533
150 330
153 549
157 20
161 491
165 293
171 275
172 56
181 280
183 534
191 307
193 110
194 513
199 116
203 71
204 412
215 147
266 322
279 200
287 483
290 180
295 333
303 542
310 10
315 88
328 8
334 303
338 72
338 255
339 327
342 380
344 118
349 113
354 63
356 241
361 185
369 288
375 132
380 183
382 458
391 296
396 391
406 305
420 34
420 407
429 261
445 358
448 399
454 336
459 361
476 114
484 137
489 99
491 448
492 310
493 15
4 166
27 43
46 220
50 244
67 459
69 22
72 167
88 267
101 87
111 38
149 14
160 490
163 13
173 24
185 165
186 443
197 377
209 110
212 513
224 549
225 353
227 330
229 533
231 116
250 225
253 155
255 461
259 293
269 9
278 534
283 131
296 74
317 20
319 424
320 10
326 307
343 467
353 491
354 134
355 303
365 19
370 60
372 322
377 88
380 139
384 372
388 63
388 132
390 8
397 200
398 275
400 185
404 320
406 255
410 458
424 380
429 31
430 412
434 261
436 302
447 280
452 72
466 361
467 358
479 288
486 241
1 154
3 485
9 417
28 213
33 182
53 166
70 220
91 43
96 271
114 38
117 263
125 267
132 87
135 270
150 294
161 22
174 395
180 490
183 244
185 24
189 443
206 4
210 456
228 353
231 533
262 225
270 14
288 459
297 167
302 74
311 165
322 330
323 110
335 314
337 307
352 170
373 20
379 29
385 372
386 10
389 116
390 461
394 549
400 132
401 139
407 134
426 185
426 491
437 404
438 380
449 467
453 293
457 424
481 356
485 131
487 302
488 322
493 155
496 377
14 184
61 304
67 417
78 273
82 182
87 485
123 38
131 346
133 267
141 87
158 166
164 44
175 43
198 490
200 22
205 395
207 220
207 294
222 271
233 244
237 213
257 263
264 32
265 154
267 25
274 353
285 14
293 443
307 167
310 24
367 494
382 225
387 39
395 549
399 4
403 459
412 10
427 491
444 134
469 330
473 170
485 380
496 533
2 129
4 370
13 325
14 541
15 413
17 227
21 17
24 248
26 265
36 455
37 254
39 6
48 11
48 117
52 523
53 457
58 319
59 274
65 199
66 345
72 298
73 519
75 453
76 381
82 120
84 324
89 28
90 16
92 35
95 204
100 178
100 279
105 495
106 84
112 403
119 168
119 177
128 70
128 108
137 375
139 376
140 362
143 41
145 61
146 262
148 514
152 207
158 222
162 487
166 66
191 468
201 520
213 269
219 190
222 419
224 462
232 206
234 540
250 450
271 89
272 418
286 138
289 374
327 382
339 384
366 257
383 368
384 431
395 93
398 237
418 535
421 259
461 18
461 65
462 90
18 413
19 40
21 236
22 370
22 425
25 224
28 79
29 464
31 243
43 231
49 45
51 315
57 7
60 524
69 265
81 319
83 27
102 23
103 178
108 519
118 102
125 121
132 117
142 455
147 35
148 108
151 514
159 6
159 324
161 335
167 191
171 57
176 66
180 274
181 168
190 17
194 84
196 279
197 539
199 262
200 487
211 332
215 245
235 355
243 129
246 227
248 381
251 199
254 375
255 352
273 326
281 468
297 362
298 374
301 457
304 70
305 16
311 204
316 138
321 520
322 507
328 543
338 41
342 206
349 254
353 81
358 345
359 298
360 61
365 179
381 325
393 248
402 502
408 28
415 120
417 93
419 309
425 535
428 115
452 351
460 218
473 419
475 76
477 223
480 190
492 418
8 15
32 40
39 3
47 542
51 370
68 336
79 79
87 231
91 183
97 71
102 159
102 524
104 113
107 178
109 7
121 327
122 319
130 399
149 425
163 236
168 23
173 45
180 34
201 35
216 315
220 305
226 274
230 108
239 455
247 227
249 332
258 117
267 99
271 66
282 199
301 296
306 16
306 487
312 464
331 6
333 180
341 262
341 448
343 514
344 70
345 168
346 17
347 102
354 519
357 121
368 84
369 355
374 333
390 352
394 468
396 413
416 61
422 483
425 245
427 298
439 457
442 265
443 114
448 279
450 312
450 345
455 507
478 41
493 374
12 534
19 200
26 288
34 63
42 513
45 261
78 280
86 255
88 79
92 15
98 231
110 60
134 370
136 458
138 524
144 319
154 336
156 399
170 358
172 236
177 327
206 178
218 3
240 159
241 23
252 227
256 8
259 315
263 275
273 455
284 183
291 40
294 99
300 7
316 487
317 108
325 425
329 19
348 35
350 34
356 168
362 296
377 320
378 117
388 412
398 199
401 361
406 448
425 66
431 514
432 6
446 245
446 332
447 355
449 542
456 16
464 17
471 84
475 13
477 298
483 464
486 333
495 312
2 47
3 165
5 20
11 404
37 63
38 288
40 116
63 131
65 424
84 280
89 377
97 467
104 231
107 461
153 255
164 200
168 79
188 132
192 358
201 319
209 336
221 178
229 3
244 524
249 534
253 270
270 227
272 261
279 315
281 455
286 23
300 370
303 458
305 15
313 183
314 8
324 29
326 40
329 456
332 302
364 327
379 7
383 99
397 487
403 34
405 412
410 74
421 199
422 159
423 110
432 293
433 372
434 35
441 185
442 356
458 60
463 542
465 19
468 245
469 108
476 307
479 448
481 17
482 320
7 256
8 516
9 181
10 251
15 194
23 344
27 135
30 100
45 106
46 378
63 146
70 441
71 158
73 379
86 36
88 196
93 529
99 498
108 235
122 226
130 472
144 201
182 216
189 526
203 281
292 521
320 511
334 301
358 77
362 195
366 440
375 414
428 339
451 258
466 409
487 423
489 484
494 489
16 89
20 65
29 347
35 251
42 257
44 431
54 344
57 541
62 177
62 540
66 194
74 453
79 471
80 441
81 222
93 237
94 378
103 368
105 106
106 379
113 495
116 516
117 196
131 529
132 256
139 269
153 342
160 36
165 465
237 235
239 18
261 146
262 450
270 472
321 181
330 523
380 207
419 226
424 440
453 403
455 201
460 281
470 492
6 335
31 324
56 76
60 191
75 502
80 81
85 190
95 89
112 65
113 177
115 237
115 347
116 28
120 251
126 194
126 431
129 115
131 254
135 471
137 543
142 378
143 222
147 118
151 379
152 256
155 495
157 453
159 325
167 516
169 257
171 540
174 106
175 381
178 375
179 368
179 407
186 344
200 441
210 541
213 36
215 419
228 196
240 418
247 520
258 179
278 269
296 450
313 204
319 472
333 235
340 310
351 27
365 309
381 206
385 362
391 218
404 18
418 351
420 465
430 529
6 457
23 45
33 70
127 483
155 89
176 71
179 347
183 251
187 378
190 65
195 28
198 344
202 177
202 431
204 543
208 381
214 237
214 471
216 190
217 441
217 541
218 118
220 194
221 222
223 121
226 262
234 265
236 374
238 274
242 453
248 279
252 324
255 335
256 379
257 76
258 516
261 257
264 325
266 72
266 540
275 495
276 368
280 468
287 254
289 502
290 115
291 9
294 407
304 256
308 345
309 375
318 418
320 81
323 113
337 507
359 520
363 419
377 191
395 179
413 36
418 218
426 519
464 88
472 18
474 106
485 269
495 235
55 16
96 333
123 13
138 6
181 117
184 139
184 457
208 251
211 381
225 70
225 89
244 275
251 190
260 45
260 332
268 347
275 431
278 84
279 471
282 65
283 483
288 194
295 378
299 541
302 9
307 28
308 155
314 399
315 425
319 222
327 296
332 72
335 262
336 335
340 325
342 441
348 257
351 177
363 298
367 118
371 76
371 368
374 71
374 121
387 468
392 168
393 265
396 254
404 274
407 256
409 279
411 312
412 540
414 344
414 514
416 237
423 115
429 355
433 374
435 324
435 516
437 418
438 453
439 379
440 495
441 520
443 513
451 464
462 407
463 502
464 66
478 236
482 345
487 361
488 507
7 62
30 175
32 230
35 299
48 300
59 318
79 438
101 447
152 460
163 482
182 501
191 496
192 503
195 528
207 550
212 531
224 11
230 50
236 62
245 77
245 90
265 135
265 175
268 100
277 158
285 195
292 246
293 216
293 230
298 258
304 259
310 299
312 300
324 301
325 318
330 339
343 373
347 376
355 382
357 384
362 409
368 414
369 423
370 438
372 447
373 460
376 484
378 462
385 482
386 486
399 489
399 496
400 498
407 501
408 503
413 511
415 521
436 525
437 526
440 528
444 531
445 550
447 11
452 50
454 56
456 57
457 62
457 77
458 90
459 93
463 100
465 120
465 129
467 135
467 138
468 137
470 146
471 147
472 158
476 175
480 181
483 195
484 201
484 207
486 216
488 224
490 223
490 243
491 246
492 226
494 248
