1 82
1 242
1 308
2 25
2 33
2 47
3 18
3 26
3 44
4 33
4 83
4 149
5 95
5 289
5 292
6 38
6 51
6 54
7 25
7 68
7 88
8 1
8 14
8 117
9 94
9 172
9 304
10 22
10 166
10 290
11 82
11 242
11 308
12 30
12 172
12 290
13 75
13 171
13 329
14 103
14 162
14 253
15 68
15 79
15 350
16 35
16 171
16 329
17 64
17 111
17 139
18 6
18 69
18 267
19 1
19 78
19 273
20 24
20 73
20 317
21 4
21 39
21 44
22 39
22 94
22 304
23 30
23 71
23 110
24 15
24 24
24 143
25 160
25 172
25 331
26 54
26 136
26 165
27 24
27 55
27 245
28 13
28 64
28 166
29 2
29 4
29 19
30 13
30 171
30 189
31 1
31 267
31 350
32 4
32 39
32 308
33 22
33 75
33 182
34 271
34 290
34 329
35 49
35 107
35 266
36 42
36 111
36 125
37 7
37 34
37 317
38 107
38 182
38 212
39 75
39 107
39 266
40 30
40 67
40 143
41 75
41 107
41 266
42 160
42 200
42 321
43 29
43 31
43 56
44 24
44 143
44 317
45 42
45 64
45 290
46 94
46 317
46 331
47 49
47 182
47 266
48 31
48 52
48 56
49 15
49 40
49 49
50 30
50 143
50 331
51 165
51 268
51 338
52 22
52 64
52 107
53 3
53 20
53 297
54 26
54 69
54 144
55 55
55 94
55 331
56 94
56 172
56 331
57 55
57 68
57 304
58 49
58 52
58 56
59 38
59 83
59 95
60 42
60 64
60 329
61 121
61 173
61 290
62 14
62 50
62 78
63 4
63 26
63 39
64 30
64 39
64 82
65 7
65 14
65 15
66 22
66 23
66 68
67 24
67 183
67 304
68 5
68 6
68 170
69 33
69 134
69 160
70 3
70 65
70 118
71 29
71 73
71 92
72 37
72 149
72 189
73 26
73 67
73 119
74 27
74 143
74 321
75 3
75 225
75 234
76 4
76 19
76 87
77 12
77 46
77 133
78 1
78 132
78 350
79 55
79 172
79 304
80 25
80 189
80 308
81 7
81 27
81 330
82 20
82 29
82 297
83 46
83 95
83 189
84 33
84 46
84 149
85 33
85 46
85 189
86 44
86 209
86 313
87 55
87 238
87 350
88 6
88 170
88 182
89 3
89 29
89 56
90 22
90 182
90 329
91 12
91 38
91 65
92 49
92 96
92 266
93 20
93 68
93 313
94 9
94 29
94 32
95 69
95 160
95 239
96 200
96 220
96 272
97 3
97 5
97 23
98 1
98 25
98 350
99 12
99 75
99 211
100 26
100 67
100 317
