1
2
3
4
5
6
7
8
9
12
13
15
16
17
19
21
22
24
25
26
27
28
29
30
31
32
33
34
35
36
38
40
41
42
43
44
46
47
48
51
53
56
57
58
60
61
62
63
64
65
66
68
71
72
74
75
77
79
80
81
82
83
85
87
91
92
93
95
96
97
98
99
100
101
102
103
104
106
108
109
110
111
113
114
118
122
124
125
126
128
129
132
133
134
136
137
140
142
145
147
150
151
155
156
157
158
159
162
163
164
170
171
173
176
177
178
180
181
182
183
184
185
188
189
190
191
192
193
194
195
196
197
198
199
200
205
206
207
208
213
215
216
217
218
221
223
225
226
228
230
231
233
234
235
236
237
242
243
246
249
250
251
254
255
257
258
260
263
264
265
268
269
270
271
274
276
278
280
281
282
283
284
287
288
289
292
294
295
296
298
299
300
305
306
307
308
310
311
312
313
314
315
317
318
321
322
323
325
329
330
332
333
334
335
340
342
343
347
349
350
351
353
354
356
357
358
360
363
366
367
369
370
371
372
373
375
377
379
380
382
383
385
387
388
391
393
394
395
397
398
399
400
401
403
407
408
409
411
415
417
418
420
422
423
424
425
427
428
429
430
431
432
434
436
437
439
440
441
442
443
444
445
446
447
448
450
451
452
453
455
456
460
461
463
464
466
467
468
469
470
471
472
473
474
475
476
477
478
479
482
484
489
492
499
500
501
502
506
507
510
511
512
513
514
515
516
518
519
520
523
524
525
526
527
528
529
531
533
534
535
536
539
542
543
544
545
546
547
548
550
