97 371
97 2
97 32
160 30
160 182
160 24
184 411
184 74
184 96
92 1
92 42
92 15
113 547
113 417
113 3
130 82
130 68
130 420
135 547
135 9
135 4
161 317
161 350
161 22
229 189
229 533
229 434
323 385
323 58
323 163
325 308
325 5
325 451
328 317
328 8
328 26
389 145
389 38
389 233
390 164
390 461
390 81
395 442
395 470
395 6
429 329
429 75
429 33
440 394
440 68
440 53
455 334
455 13
455 25
481 30
481 47
481 63
485 428
485 467
485 43
3 87
3 43
3 60
4 317
4 36
4 64
20 329
20 134
20 66
42 189
42 16
42 96
52 475
52 350
52 417
60 321
60 249
60 7
66 197
66 350
66 97
69 385
69 282
69 12
74 329
74 136
74 444
90 545
90 420
90 17
128 313
128 430
128 231
140 1
140 173
140 225
144 452
144 29
144 65
154 411
154 451
154 118
156 171
156 288
156 40
182 136
182 24
182 255
196 317
196 125
196 19
198 164
198 400
198 183
218 317
218 101
218 184
235 394
235 142
235 21
244 411
244 72
244 434
254 268
254 255
254 44
273 263
273 64
273 170
281 475
281 91
281 276
313 170
313 349
313 43
316 31
316 213
316 85
321 388
321 28
321 534
327 68
327 178
327 455
342 308
342 270
342 333
372 313
372 280
372 27
373 321
373 283
373 8
383 46
383 80
383 278
384 371
384 103
384 35
402 189
402 155
402 533
411 452
411 430
411 34
416 313
416 461
416 41
420 422
420 182
420 1
422 546
422 58
422 159
464 442
464 294
464 372
491 411
491 51
491 434
14 26
14 24
14 48
16 46
16 242
16 56
22 313
22 182
22 296
28 83
28 171
28 57
32 411
32 96
32 61
33 417
33 251
33 398
36 64
36 1
36 62
45 475
45 75
45 99
48 1
48 260
48 22
49 136
49 42
49 434
55 547
55 71
55 77
57 428
57 102
57 542
64 197
64 420
64 79
70 33
70 470
70 284
75 164
75 400
75 92
80 443
80 451
80 395
81 385
81 370
81 93
84 22
84 16
84 134
87 442
87 448
87 231
93 68
93 463
93 74
98 64
98 425
98 221
105 99
105 233
105 95
108 329
108 113
108 280
120 417
120 294
120 98
122 442
122 461
122 100
127 142
127 437
127 524
136 58
136 233
136 177
141 366
141 5
141 298
143 371
143 104
143 106
158 451
158 205
158 249
165 308
165 533
165 108
176 15
176 428
176 96
178 136
178 234
178 276
180 329
180 191
180 109
199 271
199 257
199 134
201 64
201 7
201 150
216 24
216 428
216 110
230 394
230 157
230 111
242 26
242 215
242 114
243 185
243 190
243 122
250 335
250 340
250 236
252 475
252 40
252 255
261 385
261 163
261 126
262 356
262 217
262 546
263 307
263 237
263 420
264 276
264 63
264 128
269 242
269 124
269 231
277 289
277 136
277 375
280 68
280 58
280 444
296 82
296 87
296 129
301 343
301 96
301 132
319 205
319 33
319 400
333 162
333 430
333 251
344 533
344 6
344 295
348 145
348 208
348 133
355 46
355 467
355 137
358 499
358 13
358 417
359 183
359 507
359 282
363 394
363 340
363 140
368 547
368 441
368 147
369 350
369 110
369 151
371 75
371 228
371 325
377 442
377 310
377 156
388 97
388 420
388 85
393 377
393 180
393 534
403 33
403 181
403 158
408 428
408 269
408 17
424 242
424 207
424 8
427 452
427 312
427 176
428 26
428 15
428 451
434 22
434 524
434 280
435 200
435 38
435 434
437 283
437 455
437 545
439 25
439 380
439 74
443 321
443 358
443 188
446 189
446 7
446 159
459 385
459 193
459 192
461 271
461 58
461 294
462 95
462 15
462 194
469 145
469 162
469 257
474 3
474 196
474 255
479 82
479 15
479 510
487 371
487 519
487 13
490 360
490 407
490 284
493 334
493 468
493 29
495 432
495 33
495 370
496 30
496 63
496 533
1 22
1 42
1 249
5 470
5 171
5 195
6 456
6 2
6 198
8 424
8 274
8 199
9 283
9 24
9 2
11 422
11 353
11 282
13 31
13 40
13 2
15 47
15 315
15 330
19 391
19 514
19 333
23 394
23 206
23 216
27 43
27 350
27 400
31 95
31 311
31 218
34 182
34 461
34 223
41 322
41 265
41 546
53 26
53 13
53 367
58 399
58 125
58 226
59 200
59 446
59 255
61 400
61 42
61 134
63 30
63 264
63 230
65 475
65 40
65 2
71 81
71 145
71 235
73 351
73 6
73 60
76 473
76 221
76 231
88 6
88 79
88 542
91 43
91 6
91 444
95 87
95 436
95 85
102 159
102 25
102 395
103 4
103 455
103 3
104 366
104 243
104 163
107 178
107 292
107 280
109 408
109 40
109 3
116 29
116 170
116 246
117 99
117 125
117 250
121 315
121 375
121 257
125 371
125 25
125 542
126 547
126 332
126 254
129 430
129 13
129 225
132 298
132 8
132 251
133 221
133 63
133 444
137 35
137 234
137 340
146 200
146 535
146 258
149 427
149 321
149 3
151 502
151 25
151 455
153 99
153 65
153 294
157 197
157 379
157 134
166 75
166 4
166 469
167 30
167 403
167 162
168 545
168 44
168 281
175 35
175 42
175 284
177 313
177 314
177 9
183 35
183 63
183 231
190 422
190 125
190 287
192 308
192 470
192 299
194 513
194 542
194 4
197 427
197 17
197 280
200 75
200 473
200 300
204 236
204 543
204 305
205 87
205 35
205 370
206 38
206 111
206 4
208 182
208 306
208 217
209 377
209 415
209 516
211 321
211 393
211 367
213 159
213 357
213 260
214 387
214 467
214 5
217 82
217 132
217 510
219 111
219 173
219 294
222 8
222 99
222 217
223 197
223 342
223 318
227 46
227 312
227 323
233 183
233 369
233 347
234 545
234 524
234 354
238 422
238 363
238 373
246 542
246 79
246 260
257 545
257 101
257 382
258 282
258 461
258 383
260 422
260 16
260 397
265 282
265 111
265 5
266 372
266 444
266 401
267 9
267 118
267 249
268 430
268 418
268 409
270 17
270 450
270 5
271 263
271 79
271 322
272 7
272 125
272 251
282 110
282 295
282 268
283 360
283 85
283 370
284 274
284 469
284 455
286 233
286 356
286 423
289 98
289 155
289 74
290 74
290 183
290 429
291 456
291 448
291 431
292 479
292 270
292 439
294 164
294 111
294 284
295 82
295 472
295 7
307 544
307 278
307 16
312 56
312 464
312 440
314 97
314 19
314 9
318 71
318 249
318 150
320 47
320 65
320 9
335 189
335 12
335 445
336 452
336 298
336 447
343 155
343 333
343 453
345 46
345 12
345 460
346 85
346 524
346 466
350 159
350 474
350 471
351 436
351 32
351 534
356 142
356 21
356 251
357 388
357 335
357 476
365 213
365 36
365 12
370 66
370 142
370 284
375 132
375 407
375 477
376 395
376 142
376 370
382 27
382 32
382 524
385 29
385 469
385 12
386 467
386 276
386 478
401 289
401 178
401 482
404 164
404 295
404 16
406 103
406 162
406 17
412 467
412 534
412 484
415 197
415 446
415 463
418 171
418 36
418 515
419 283
419 470
419 489
430 87
430 233
430 492
432 283
432 506
432 500
442 19
442 36
442 265
449 21
449 34
449 448
457 132
457 190
457 463
460 506
460 108
460 330
463 19
463 398
463 21
466 388
466 53
466 163
468 44
468 205
468 510
472 200
472 19
472 501
475 234
475 526
475 340
478 27
478 340
478 21
480 132
480 27
480 511
482 525
482 499
482 27
483 534
483 28
483 92
494 307
494 171
494 512
7 242
7 518
7 520
10 448
10 28
10 523
12 38
12 315
12 260
17 95
17 113
17 527
18 38
18 271
18 528
26 113
26 271
26 529
35 271
35 536
35 28
37 395
37 28
37 531
40 310
40 221
40 539
43 60
43 367
43 29
46 436
46 31
46 548
47 468
47 276
47 31
51 79
51 32
51 31
56 353
56 215
56 550
62 295
62 437
62 41
67 242
67 48
67 51
72 263
72 516
72 57
78 66
78 228
78 32
82 360
82 427
82 61
86 295
86 34
86 62
89 184
89 77
89 80
94 473
94 363
94 72
99 93
99 312
99 162
112 452
112 83
112 91
118 71
118 34
118 36
119 228
119 34
119 100
138 44
138 151
138 446
139 499
139 41
139 102
142 424
142 185
142 104
145 270
145 41
145 106
147 228
147 367
147 109
148 502
148 41
148 44
150 200
150 288
150 114
155 72
155 205
155 47
162 263
162 333
162 47
164 432
164 122
164 124
169 51
169 48
169 126
170 95
170 157
170 48
171 427
171 48
171 128
174 395
174 51
174 129
181 367
181 170
181 51
186 473
186 97
186 133
189 60
189 196
189 441
191 180
191 72
191 53
195 72
195 325
195 463
202 92
202 97
202 53
203 250
203 177
203 137
210 92
210 514
210 101
212 351
212 199
212 140
215 298
215 469
215 53
221 315
221 80
221 398
225 215
225 443
225 147
226 173
226 56
226 156
228 183
228 546
228 158
231 191
231 188
231 56
239 369
239 56
239 176
240 424
240 57
240 181
241 221
241 61
241 57
247 546
247 257
247 57
249 92
249 110
249 60
253 101
253 333
253 192
255 469
255 216
255 61
256 184
256 170
256 61
259 468
259 315
259 193
275 254
275 113
275 62
278 254
278 113
278 62
287 243
287 194
287 446
297 308
297 62
297 195
299 101
299 513
299 198
302 278
302 65
302 206
305 443
305 349
305 207
308 205
308 65
308 66
309 218
309 448
309 66
311 446
311 71
311 208
315 185
315 372
315 71
322 118
322 357
322 510
329 347
329 281
329 226
330 254
330 173
330 312
331 292
331 83
331 427
332 296
332 379
332 223
340 463
340 77
340 230
341 299
341 91
341 77
349 269
349 118
349 77
352 296
352 217
352 80
361 254
361 80
361 235
364 305
364 190
364 237
366 108
366 450
366 163
374 473
374 150
374 81
378 93
378 260
378 81
379 103
379 356
379 246
380 83
380 104
380 298
387 155
387 81
387 83
391 478
391 380
391 258
396 106
396 91
396 264
397 515
397 342
397 287
405 102
405 91
405 300
409 173
409 110
409 312
410 145
410 93
410 306
413 263
413 93
413 311
417 334
417 403
417 314
421 387
421 98
421 318
423 151
423 332
423 98
425 191
425 98
425 323
431 184
431 218
431 437
433 103
433 372
433 100
436 190
436 100
436 343
438 270
438 399
438 354
448 527
448 415
448 274
450 373
450 507
450 100
451 228
451 102
451 358
454 118
454 358
454 382
458 151
458 431
458 383
465 499
465 510
465 102
470 432
470 288
470 391
471 199
471 363
471 103
486 372
486 104
486 393
2 151
2 104
2 397
21 177
21 106
21 401
24 108
24 215
24 106
25 322
25 108
25 408
29 289
29 409
29 418
30 479
30 519
30 423
39 180
39 441
39 425
44 536
44 109
44 429
50 407
50 109
50 439
54 124
54 330
54 114
77 114
77 109
77 440
79 181
79 114
79 445
83 250
83 122
83 447
85 129
85 122
85 453
100 436
100 122
100 460
101 177
101 124
101 464
106 155
106 237
106 398
111 129
111 124
111 466
124 191
124 126
124 471
131 292
131 516
131 472
159 196
159 398
159 474
172 484
172 126
172 476
185 437
185 126
185 477
188 180
188 441
188 489
193 129
193 150
193 128
220 349
220 356
220 482
224 128
224 492
224 500
232 424
232 501
232 511
236 525
236 453
236 512
237 330
237 529
237 518
245 325
245 128
245 520
248 133
248 523
248 526
251 157
251 133
251 528
279 274
279 133
279 531
285 199
285 269
285 535
288 349
288 377
288 539
293 443
293 137
293 543
298 208
298 137
298 544
304 137
304 548
304 550
306 184
306 140
306 147
310 181
310 140
310 156
324 450
324 437
324 158
334 307
334 188
334 176
337 307
337 456
337 192
338 264
338 198
338 193
339 147
339 235
339 140
347 307
347 194
347 195
362 499
362 363
362 206
367 310
367 147
367 207
381 225
381 432
381 213
398 156
398 150
398 216
400 185
400 380
400 223
407 156
407 226
407 230
414 514
414 441
414 157
441 353
441 393
441 236
447 196
447 157
447 243
453 436
453 158
453 246
467 213
467 158
467 258
473 375
473 443
473 265
476 335
476 351
476 268
477 223
477 176
477 281
488 180
488 502
488 287
489 387
489 299
489 300
68 207
68 176
68 305
96 185
96 177
96 306
110 369
110 311
110 314
114 468
114 318
114 323
115 178
115 332
115 342
123 181
123 178
123 343
134 217
134 188
134 347
152 391
152 354
152 357
163 479
163 366
163 373
173 191
173 188
173 379
179 288
179 382
179 383
207 190
207 397
207 399
274 199
274 265
274 401
276 325
276 403
276 408
303 349
303 192
303 409
317 208
317 415
317 418
326 472
326 423
326 425
354 288
354 192
354 429
392 464
392 431
392 439
394 195
394 193
394 440
399 195
399 193
399 445
426 194
426 447
426 460
444 380
444 194
444 466
445 492
445 471
445 474
452 264
452 476
452 477
456 325
456 196
456 478
484 525
484 482
484 484
492 208
492 502
492 489
38 512
38 500
38 501
187 198
187 506
187 507
300 513
300 511
300 515
353 523
353 518
353 519
360 535
360 520
360 526
