55 547
97 371
481 30
113 547
143 371
135 547
23 385
32 411
74 329
81 394
90 545
144 33
160 317
238 475
242 26
321 388
325 308
372 313
395 442
402 189
411 452
440 430
75 411
230 385
235 317
260 394
281 475
335 33
384 30
404 329
427 189
87 411
223 371
261 385
268 394
323 317
403 33
429 329
184 411
363 385
368 547
386 394
459 317
244 411
412 385
494 317
6 9
7 242
8 47
13 420
14 82
16 46
28 51
31 95
33 417
36 64
60 321
92 1
93 68
130 428
198 164
216 24
243 185
291 456
292 83
301 343
312 31
316 56
330 422
348 145
350 159
358 499
389 432
393 377
432 283
455 32
474 3
490 75
20 442
67 242
112 452
120 417
137 64
158 1
165 308
168 26
217 428
227 46
234 545
296 82
327 68
342 313
373 321
462 95
495 432
35 442
42 189
52 30
252 475
257 26
269 242
280 1
290 428
297 545
336 452
355 46
408 68
416 313
424 308
443 321
1 329
63 30
108 442
126 371
229 189
295 475
343 545
439 1
446 33
457 428
458 452
69 30
122 442
175 329
192 371
202 394
211 547
379 189
415 475
480 1
483 545
485 428
5 470
9 451
11 467
15 25
17 197
18 136
29 289
34 182
37 58
39 372
41 74
46 436
51 350
56 4
58 330
61 400
71 81
72 44
76 473
82 360
83 171
84 22
91 43
95 87
98 99
104 366
105 233
107 178
109 12
116 29
117 200
127 142
139 19
141 2
142 215
145 263
154 533
156 13
160 282
162 96
164 424
171 294
174 395
176 15
180 271
186 111
194 513
197 427
199 103
203 71
204 60
206 38
212 180
218 34
225 170
233 183
249 534
250 270
254 268
262 101
263 98
264 276
277 292
305 72
307 27
314 97
318 125
320 134
328 162
329 213
346 85
347 307
356 249
357 278
364 133
375 132
383 57
390 322
391 305
397 310
405 102
413 448
417 334
419 472
421 137
422 546
438 356
447 280
460 506
475 234
477 542
482 387
489 479
493 443
21 24
49 136
57 451
64 197
64 420
66 430
86 400
88 350
94 473
101 470
105 99
136 58
146 200
166 22
190 422
200 75
208 182
209 377
213 159
228 233
232 47
240 215
253 467
258 282
266 372
273 171
275 534
283 360
285 34
294 164
313 170
333 87
344 533
351 436
359 183
365 213
371 395
388 97
401 178
406 29
423 134
434 142
437 283
461 271
466 388
469 145
470 424
478 542
491 448
4 64
59 451
111 417
128 82
140 350
150 200
153 136
157 197
182 470
183 420
255 22
256 233
265 75
272 58
278 422
288 430
310 24
339 282
370 182
376 395
377 164
382 400
387 467
430 87
433 29
454 171
486 372
487 47
488 473
496 533
4 26
22 313
65 451
85 64
161 68
178 136
189 350
220 82
237 200
286 233
299 422
345 46
385 58
395 470
409 430
418 22
425 182
449 417
451 24
464 75
496 467
103 33
147 64
155 451
196 136
311 350
337 422
381 452
400 233
420 430
428 26
442 58
472 200
479 82
2 205
3 118
10 444
14 269
19 8
19 40
26 79
27 255
30 207
34 461
40 221
40 351
41 314
43 225
44 536
45 113
45 524
47 468
48 260
49 42
50 407
53 191
54 295
57 325
62 17
73 6
77 231
78 66
80 63
89 28
92 333
99 93
100 173
110 369
117 469
118 110
119 228
121 315
121 375
132 298
135 296
141 5
146 535
148 265
149 353
151 446
152 391
156 288
163 492
167 254
170 21
179 510
180 274
181 35
191 199
193 367
196 124
201 349
205 312
210 92
214 511
231 439
233 41
236 525
239 515
243 190
250 340
272 7
276 104
287 147
289 155
293 437
298 208
302 335
306 151
309 218
313 380
315 184
316 358
317 264
322 65
324 450
326 195
331 397
332 399
334 393
341 230
357 477
361 418
365 455
366 434
373 474
382 520
389 163
392 425
401 354
435 140
441 429
448 122
450 250
471 512
476 544
3 43
25 8
26 294
45 25
48 255
52 96
58 162
59 330
60 249
62 295
73 234
79 79
89 366
96 74
97 2
98 42
102 40
106 98
114 468
120 231
122 461
125 276
129 13
131 125
133 63
134 315
138 4
149 228
151 444
154 15
161 280
177 6
196 113
215 221
219 35
219 173
221 205
222 81
226 274
245 31
247 546
251 132
271 263
280 298
282 110
286 101
338 3
342 278
346 524
348 72
349 269
352 296
362 19
367 184
369 17
374 111
375 71
384 474
398 367
420 455
429 218
440 446
443 358
445 38
449 92
452 208
465 85
467 225
473 375
484 83
492 155
16 178
20 134
69 249
71 145
90 96
116 170
125 215
159 43
169 444
173 183
182 231
183 280
184 74
190 42
195 15
199 294
200 461
214 63
218 97
241 221
241 255
246 542
259 205
264 40
273 263
282 295
284 173
314 8
328 315
331 99
344 6
378 79
408 228
419 276
448 330
453 436
469 85
490 98
491 111
5 171
68 473
70 400
70 533
109 96
113 420
118 321
124 249
188 372
201 231
207 280
224 294
254 255
258 461
259 42
296 87
308 43
308 221
319 205
333 282
366 315
377 99
399 29
431 170
442 145
462 15
463 542
12 68
22 182
28 171
66 313
92 470
123 24
130 96
136 321
148 420
153 400
191 417
229 533
265 231
267 255
313 43
341 75
355 467
380 294
390 461
434 282
3 236
4 257
8 150
9 108
9 181
10 251
10 463
11 53
11 370
12 194
13 61
15 192
15 363
17 114
18 223
19 80
20 516
24 16
30 507
31 157
33 284
33 398
36 518
38 382
42 237
53 519
56 357
63 423
75 226
77 342
78 217
80 441
88 106
95 177
97 453
104 129
107 401
130 379
131 196
141 502
142 464
144 128
150 514
156 77
164 415
166 299
167 193
168 311
170 332
172 484
189 529
192 126
197 156
203 347
204 543
208 158
209 539
216 489
230 431
231 523
235 36
242 471
269 408
281 91
305 216
321 550
329 243
334 48
338 198
356 373
370 403
390 235
393 206
397 445
403 466
417 526
423 440
424 476
432 478
441 527
451 188
465 109
2 260
22 9
24 44
25 434
27 510
37 333
43 427
44 251
47 16
53 340
54 7
60 124
61 65
65 190
65 463
69 312
72 118
81 284
82 469
88 199
91 398
94 270
104 163
106 437
108 150
115 441
119 370
121 257
127 443
128 177
129 60
140 236
140 516
147 217
157 5
158 28
161 335
162 356
177 254
177 456
178 268
195 80
210 104
210 363
212 307
213 53
218 265
221 450
236 32
244 108
249 472
250 499
253 502
257 288
262 507
263 349
270 513
271 322
274 380
274 514
277 519
287 185
289 237
300 264
303 393
306 157
312 192
318 334
322 194
325 353
328 543
350 51
351 407
353 56
354 325
360 61
369 418
389 357
391 379
394 103
396 106
416 453
418 122
425 151
430 429
431 36
431 399
438 425
439 464
444 512
446 518
460 311
474 196
475 66
481 347
24 159
27 25
36 455
48 132
49 434
50 16
51 534
76 2
79 260
80 446
93 333
93 546
95 162
99 298
100 312
127 370
128 17
132 251
137 13
144 65
154 524
169 340
174 284
181 163
184 217
185 398
193 118
198 35
199 257
201 125
205 142
206 271
209 150
211 367
213 510
215 427
221 38
222 469
225 4
248 448
252 463
254 9
256 437
267 44
267 274
270 441
273 443
275 34
279 516
282 60
292 270
299 101
307 278
319 95
327 296
332 456
359 225
362 190
364 356
371 28
371 363
383 80
383 335
387 104
402 155
410 424
411 92
414 288
420 32
436 432
450 234
455 236
456 325
466 3
470 468
482 268
483 113
485 177
487 375
493 71
493 514
1 134
12 8
47 444
52 455
70 16
84 276
99 85
102 25
102 159
115 79
119 534
126 2
129 63
132 74
133 132
136 546
138 446
155 162
166 370
169 434
178 524
180 251
186 97
198 183
208 163
217 260
222 217
227 298
234 284
246 510
247 257
264 312
277 13
284 35
291 40
294 111
301 333
309 395
315 6
320 65
323 118
324 17
340 448
342 463
344 142
349 125
356 271
358 340
367 295
368 398
374 150
376 367
385 427
385 437
409 173
414 441
422 274
435 38
435 330
444 443
453 469
454 516
455 9
468 44
471 4
476 178
46 22
57 444
61 134
66 455
73 280
74 542
145 16
160 276
167 85
171 434
172 534
176 25
176 162
182 8
205 159
216 79
228 2
246 132
251 260
261 163
262 74
271 205
283 249
287 221
290 546
293 251
294 284
304 315
304 510
309 370
318 524
323 257
336 42
343 15
352 170
359 13
363 340
378 40
380 63
388 333
396 395
407 446
414 448
415 463
427 87
460 65
461 118
463 6
464 17
464 35
473 29
481 97
1 62
2 100
5 176
6 246
6 258
7 281
7 287
8 300
13 306
14 318
16 323
17 383
18 409
21 447
21 460
23 482
23 500
25 501
26 528
28 531
29 548
29 12
30 21
31 27
32 41
32 48
34 57
35 62
35 77
37 91
38 93
38 100
39 102
39 109
40 114
41 126
42 128
43 129
44 133
46 137
50 140
51 147
54 156
55 158
55 176
56 180
58 181
59 188
62 191
63 193
64 195
67 198
67 206
68 207
68 216
71 223
72 226
74 230
75 235
76 243
77 246
78 250
79 258
81 281
82 287
83 289
83 292
84 299
85 305
85 306
86 310
86 314
87 300
87 318
89 323
90 332
91 342
94 343
96 351
96 354
98 369
100 373
101 382
101 383
103 387
103 391
105 397
106 401
107 403
108 408
109 409
110 415
110 423
111 431
111 439
112 440
112 445
113 447
114 460
114 466
115 471
116 476
117 477
118 478
120 479
122 482
123 484
123 489
124 492
124 500
125 501
126 506
131 511
133 515
134 520
134 523
135 525
137 526
138 527
139 528
139 529
142 531
143 535
143 536
145 539
146 544
147 548
148 550
149 5
150 12
151 19
152 7
152 21
153 27
155 31
157 36
158 41
159 48
159 51
162 53
163 56
163 57
164 61
165 62
165 66
168 72
170 77
171 81
172 83
173 91
173 93
174 100
175 102
175 103
179 106
179 108
181 110
183 109
185 114
185 122
186 124
187 126
187 128
187 129
188 133
188 137
189 140
190 147
191 151
192 156
193 157
194 158
194 176
195 180
197 181
200 184
202 185
202 188
203 191
204 192
206 193
207 194
207 195
211 196
212 198
214 199
215 206
217 207
219 208
220 213
220 216
223 218
223 223
224 226
224 230
225 235
226 237
226 243
227 246
228 250
229 254
230 258
231 264
232 265
232 269
233 281
234 283
235 289
236 287
237 292
237 299
238 305
238 306
239 300
239 307
240 310
240 311
241 314
242 318
243 322
244 323
245 332
245 334
247 342
248 343
248 347
249 349
251 351
252 353
253 354
255 357
255 358
256 360
257 366
258 369
259 373
260 377
260 379
261 380
263 382
265 383
266 387
266 388
268 391
268 393
269 397
270 399
272 401
274 403
275 407
276 408
276 409
278 415
278 418
279 423
279 425
280 429
281 431
283 439
284 440
285 445
285 447
286 450
288 453
288 460
289 464
290 466
291 471
292 472
293 474
295 476
295 477
296 478
297 479
297 482
298 484
298 489
299 492
300 499
300 500
301 501
302 502
302 506
303 507
303 511
304 512
305 513
306 515
307 518
308 519
310 520
310 523
311 525
311 526
312 527
314 528
315 529
316 531
317 535
317 536
319 539
320 543
321 544
322 548
324 550
325 3
326 5
326 7
327 12
329 19
330 21
330 27
331 28
332 31
333 32
334 34
335 36
335 41
336 47
337 48
337 51
338 53
339 56
339 57
340 60
340 61
341 62
343 66
345 71
345 72
346 77
347 80
347 81
348 83
349 91
350 93
351 92
352 95
353 98
353 100
354 101
354 102
355 103
357 104
358 106
360 108
360 109
361 110
361 113
362 114
363 122
364 124
365 126
366 128
367 129
368 133
369 137
370 140
372 147
372 151
373 155
374 156
375 157
376 158
377 176
378 164
379 177
379 180
380 181
381 184
381 185
382 188
384 190
386 191
386 192
387 193
388 194
391 195
392 196
392 197
393 198
394 199
394 206
395 207
396 208
397 213
398 215
398 216
399 218
399 223
400 225
400 226
401 228
402 230
403 234
404 235
404 236
405 237
405 242
406 243
406 246
407 250
407 254
408 258
409 263
410 264
410 265
411 268
412 269
412 270
413 278
413 281
415 283
416 287
417 288
418 289
419 292
421 296
421 299
422 300
423 305
424 306
425 307
426 308
426 310
426 311
427 314
428 318
428 322
429 323
430 325
432 332
433 334
433 335
434 342
436 343
436 347
437 349
437 351
438 353
439 354
440 356
441 357
442 358
443 360
444 363
445 366
445 369
446 373
447 375
447 377
448 379
449 380
450 382
451 383
452 387
452 388
453 391
454 393
456 397
456 399
457 401
457 403
458 407
458 408
459 409
459 415
461 418
462 423
463 424
465 425
466 429
467 431
467 432
468 439
468 440
469 436
470 445
471 447
472 450
472 453
473 456
474 460
475 464
476 466
477 468
477 471
478 472
478 474
479 476
479 477
480 478
480 479
482 482
483 484
484 489
484 492
485 499
486 500
486 501
487 502
488 506
488 507
489 513
489 514
490 511
491 512
492 515
492 518
494 519
494 520
495 523
495 525
496 526
